0
312 0.5108381718173396 0.1792208332297707
968 -0.4627402880533399 0.3369832542253776
231 0.4250245256787193 -0.41745488560752353
134 -0.3350937813934578 -0.3137620746014073
215 -0.022923254361167784 -0.506043003244788
1
312 0.5108381718173396 0.1792208332297707
968 -0.4627402880533399 0.3369832542253776
231 0.4250245256787193 -0.41745488560752353
134 -0.3350937813934578 -0.3137620746014073
215 -0.022923254361167784 -0.506043003244788
2
312 0.5108381718173396 0.1792208332297707
968 -0.4627402880533399 0.3369832542253776
231 0.4250245256787193 -0.41745488560752353
134 -0.3350937813934578 -0.3137620746014073
215 -0.022923254361167784 -0.506043003244788
3
312 0.5108381718173396 0.1792208332297707
968 -0.4627402880533399 0.3369832542253776
231 0.4250245256787193 -0.41745488560752353
134 -0.3350937813934578 -0.3137620746014073
215 -0.022923254361167784 -0.506043003244788
4
312 0.5108381718173396 0.1792208332297707
968 -0.4627402880533399 0.3369832542253776
215 -0.022923254361167784 -0.506043003244788
77 0.4238467585481384 -0.43689452480372226
7 -0.37249378686507234 -0.1485112204151052
5
312 0.5108381718173396 0.1792208332297707
968 -0.4627402880533399 0.3369832542253776
215 -0.022923254361167784 -0.506043003244788
77 0.4238467585481384 -0.43689452480372226
7 -0.37249378686507234 -0.1485112204151052
6
312 0.5108381718173396 0.1792208332297707
968 -0.4627402880533399 0.3369832542253776
215 -0.022923254361167784 -0.506043003244788
77 0.4238467585481384 -0.43689452480372226
7 -0.37249378686507234 -0.1485112204151052
7
312 0.5108381718173396 0.1792208332297707
215 -0.022923254361167784 -0.506043003244788
364 -0.46121313669922137 0.3178054022866034
77 0.4238467585481384 -0.43689452480372226
7 -0.37249378686507234 -0.1485112204151052
8
312 0.5108381718173396 0.1792208332297707
162 -0.451796993527921 0.2653686836609336
215 -0.022923254361167784 -0.506043003244788
77 0.4238467585481384 -0.43689452480372226
7 -0.37249378686507234 -0.1485112204151052
9
162 -0.451796993527921 0.2653686836609336
215 -0.022923254361167784 -0.506043003244788
132 0.49760601661845355 0.16789830622832413
77 0.4238467585481384 -0.43689452480372226
7 -0.37249378686507234 -0.1485112204151052
10
25 0.007629067016917426 -0.537714402127961
162 -0.451796993527921 0.2653686836609336
132 0.49760601661845355 0.16789830622832413
77 0.4238467585481384 -0.43689452480372226
7 -0.37249378686507234 -0.1485112204151052
11
25 0.007629067016917426 -0.537714402127961
71 -0.4145310818154943 0.32997184895341586
132 0.49760601661845355 0.16789830622832413
77 0.4238467585481384 -0.43689452480372226
7 -0.37249378686507234 -0.1485112204151052
12
25 0.007629067016917426 -0.537714402127961
71 -0.4145310818154943 0.32997184895341586
132 0.49760601661845355 0.16789830622832413
77 0.4238467585481384 -0.43689452480372226
7 -0.37249378686507234 -0.1485112204151052
13
25 0.007629067016917426 -0.537714402127961
71 -0.4145310818154943 0.32997184895341586
132 0.49760601661845355 0.16789830622832413
77 0.4238467585481384 -0.43689452480372226
7 -0.37249378686507234 -0.1485112204151052
14
25 0.007629067016917426 -0.537714402127961
71 -0.4145310818154943 0.32997184895341586
132 0.49760601661845355 0.16789830622832413
77 0.4238467585481384 -0.43689452480372226
7 -0.37249378686507234 -0.1485112204151052
15
25 0.007629067016917426 -0.537714402127961
71 -0.4145310818154943 0.32997184895341586
132 0.49760601661845355 0.16789830622832413
77 0.4238467585481384 -0.43689452480372226
7 -0.37249378686507234 -0.1485112204151052
16
25 0.007629067016917426 -0.537714402127961
71 -0.4145310818154943 0.32997184895341586
132 0.49760601661845355 0.16789830622832413
77 0.4238467585481384 -0.43689452480372226
7 -0.37249378686507234 -0.1485112204151052
17
1 -0.20078797005997934 0.310514126502501
132 0.49760601661845355 0.16789830622832413
25 0.007629067016917426 -0.537714402127961
77 0.4238467585481384 -0.43689452480372226
7 -0.37249378686507234 -0.1485112204151052
18
1 -0.20078797005997934 0.310514126502501
132 0.49760601661845355 0.16789830622832413
25 0.007629067016917426 -0.537714402127961
77 0.4238467585481384 -0.43689452480372226
7 -0.37249378686507234 -0.1485112204151052
19
1 -0.20078797005997934 0.310514126502501
132 0.49760601661845355 0.16789830622832413
25 0.007629067016917426 -0.537714402127961
77 0.4238467585481384 -0.43689452480372226
7 -0.37249378686507234 -0.1485112204151052
20
1 -0.20078797005997934 0.310514126502501
132 0.49760601661845355 0.16789830622832413
25 0.007629067016917426 -0.537714402127961
77 0.4238467585481384 -0.43689452480372226
7 -0.37249378686507234 -0.1485112204151052
21
1 -0.20078797005997934 0.310514126502501
132 0.49760601661845355 0.16789830622832413
25 0.007629067016917426 -0.537714402127961
77 0.4238467585481384 -0.43689452480372226
7 -0.37249378686507234 -0.1485112204151052
22
1 -0.20078797005997934 0.310514126502501
132 0.49760601661845355 0.16789830622832413
25 0.007629067016917426 -0.537714402127961
77 0.4238467585481384 -0.43689452480372226
7 -0.37249378686507234 -0.1485112204151052
23
1 -0.20078797005997934 0.310514126502501
132 0.49760601661845355 0.16789830622832413
25 0.007629067016917426 -0.537714402127961
77 0.4238467585481384 -0.43689452480372226
7 -0.37249378686507234 -0.1485112204151052
24
1 -0.20078797005997934 0.310514126502501
132 0.49760601661845355 0.16789830622832413
25 0.007629067016917426 -0.537714402127961
77 0.4238467585481384 -0.43689452480372226
7 -0.37249378686507234 -0.1485112204151052
25
1 -0.20078797005997934 0.310514126502501
132 0.49760601661845355 0.16789830622832413
25 0.007629067016917426 -0.537714402127961
77 0.4238467585481384 -0.43689452480372226
7 -0.37249378686507234 -0.1485112204151052
26
1 -0.20078797005997934 0.310514126502501
132 0.49760601661845355 0.16789830622832413
7 -0.37249378686507234 -0.1485112204151052
77 0.4238467585481384 -0.43689452480372226
175 0.25483159339502914 -0.6885304795585628
25 0.007629067016917426 -0.537714402127961
27
1 -0.20078797005997934 0.310514126502501
132 0.49760601661845355 0.16789830622832413
7 -0.37249378686507234 -0.1485112204151052
77 0.4238467585481384 -0.43689452480372226
175 0.25483159339502914 -0.6885304795585628
25 0.007629067016917426 -0.537714402127961
28
1 -0.20078797005997934 0.310514126502501
132 0.49760601661845355 0.16789830622832413
7 -0.37249378686507234 -0.1485112204151052
77 0.4238467585481384 -0.43689452480372226
175 0.25483159339502914 -0.6885304795585628
25 0.007629067016917426 -0.537714402127961
29
1 -0.20078797005997934 0.310514126502501
132 0.49760601661845355 0.16789830622832413
7 -0.37249378686507234 -0.1485112204151052
77 0.4238467585481384 -0.43689452480372226
175 0.25483159339502914 -0.6885304795585628
25 0.007629067016917426 -0.537714402127961
30
1 -0.20078797005997934 0.310514126502501
132 0.49760601661845355 0.16789830622832413
7 -0.37249378686507234 -0.1485112204151052
77 0.4238467585481384 -0.43689452480372226
175 0.25483159339502914 -0.6885304795585628
25 0.007629067016917426 -0.537714402127961
31
1 -0.20078797005997934 0.310514126502501
132 0.49760601661845355 0.16789830622832413
7 -0.37249378686507234 -0.1485112204151052
77 0.4238467585481384 -0.43689452480372226
175 0.25483159339502914 -0.6885304795585628
25 0.007629067016917426 -0.537714402127961
32
1 -0.20078797005997934 0.310514126502501
132 0.49760601661845355 0.16789830622832413
7 -0.37249378686507234 -0.1485112204151052
77 0.4238467585481384 -0.43689452480372226
175 0.25483159339502914 -0.6885304795585628
25 0.007629067016917426 -0.537714402127961
33
1 -0.20078797005997934 0.310514126502501
132 0.49760601661845355 0.16789830622832413
7 -0.37249378686507234 -0.1485112204151052
77 0.4238467585481384 -0.43689452480372226
175 0.25483159339502914 -0.6885304795585628
25 0.007629067016917426 -0.537714402127961
34
1 -0.20078797005997934 0.310514126502501
132 0.49760601661845355 0.16789830622832413
7 -0.37249378686507234 -0.1485112204151052
77 0.4238467585481384 -0.43689452480372226
175 0.25483159339502914 -0.6885304795585628
25 0.007629067016917426 -0.537714402127961
35
1 -0.20078797005997934 0.310514126502501
132 0.49760601661845355 0.16789830622832413
7 -0.37249378686507234 -0.1485112204151052
77 0.4238467585481384 -0.43689452480372226
175 0.25483159339502914 -0.6885304795585628
25 0.007629067016917426 -0.537714402127961
36
1 -0.20078797005997934 0.310514126502501
132 0.49760601661845355 0.16789830622832413
7 -0.37249378686507234 -0.1485112204151052
77 0.4238467585481384 -0.43689452480372226
175 0.25483159339502914 -0.6885304795585628
25 0.007629067016917426 -0.537714402127961
37
1 -0.20078797005997934 0.310514126502501
132 0.49760601661845355 0.16789830622832413
7 -0.37249378686507234 -0.1485112204151052
77 0.4238467585481384 -0.43689452480372226
175 0.25483159339502914 -0.6885304795585628
25 0.007629067016917426 -0.537714402127961
38
1 -0.20078797005997934 0.310514126502501
132 0.49760601661845355 0.16789830622832413
7 -0.37249378686507234 -0.1485112204151052
77 0.4238467585481384 -0.43689452480372226
175 0.25483159339502914 -0.6885304795585628
25 0.007629067016917426 -0.537714402127961
39
1 -0.20078797005997934 0.310514126502501
132 0.49760601661845355 0.16789830622832413
7 -0.37249378686507234 -0.1485112204151052
77 0.4238467585481384 -0.43689452480372226
175 0.25483159339502914 -0.6885304795585628
25 0.007629067016917426 -0.537714402127961
40
1 -0.20078797005997934 0.310514126502501
132 0.49760601661845355 0.16789830622832413
7 -0.37249378686507234 -0.1485112204151052
77 0.4238467585481384 -0.43689452480372226
175 0.25483159339502914 -0.6885304795585628
25 0.007629067016917426 -0.537714402127961
41
1 -0.20078797005997934 0.310514126502501
132 0.49760601661845355 0.16789830622832413
7 -0.37249378686507234 -0.1485112204151052
77 0.4238467585481384 -0.43689452480372226
175 0.25483159339502914 -0.6885304795585628
25 0.007629067016917426 -0.537714402127961
42
1 -0.20078797005997934 0.310514126502501
132 0.49760601661845355 0.16789830622832413
7 -0.37249378686507234 -0.1485112204151052
77 0.4238467585481384 -0.43689452480372226
175 0.25483159339502914 -0.6885304795585628
25 0.007629067016917426 -0.537714402127961
43
1 -0.20078797005997934 0.310514126502501
132 0.49760601661845355 0.16789830622832413
7 -0.37249378686507234 -0.1485112204151052
77 0.4238467585481384 -0.43689452480372226
175 0.25483159339502914 -0.6885304795585628
25 0.007629067016917426 -0.537714402127961
44
1 -0.20078797005997934 0.310514126502501
132 0.49760601661845355 0.16789830622832413
7 -0.37249378686507234 -0.1485112204151052
77 0.4238467585481384 -0.43689452480372226
175 0.25483159339502914 -0.6885304795585628
25 0.007629067016917426 -0.537714402127961
45
1 -0.20078797005997934 0.310514126502501
132 0.49760601661845355 0.16789830622832413
7 -0.37249378686507234 -0.1485112204151052
77 0.4238467585481384 -0.43689452480372226
175 0.25483159339502914 -0.6885304795585628
25 0.007629067016917426 -0.537714402127961
46
1 -0.20078797005997934 0.310514126502501
132 0.49760601661845355 0.16789830622832413
7 -0.37249378686507234 -0.1485112204151052
77 0.4238467585481384 -0.43689452480372226
175 0.25483159339502914 -0.6885304795585628
25 0.007629067016917426 -0.537714402127961
47
1 -0.20078797005997934 0.310514126502501
132 0.49760601661845355 0.16789830622832413
7 -0.37249378686507234 -0.1485112204151052
77 0.4238467585481384 -0.43689452480372226
175 0.25483159339502914 -0.6885304795585628
25 0.007629067016917426 -0.537714402127961
48
1 -0.20078797005997934 0.310514126502501
132 0.49760601661845355 0.16789830622832413
7 -0.37249378686507234 -0.1485112204151052
77 0.4238467585481384 -0.43689452480372226
175 0.25483159339502914 -0.6885304795585628
25 0.007629067016917426 -0.537714402127961
49
1 -0.20078797005997934 0.310514126502501
132 0.49760601661845355 0.16789830622832413
7 -0.37249378686507234 -0.1485112204151052
77 0.4238467585481384 -0.43689452480372226
175 0.25483159339502914 -0.6885304795585628
25 0.007629067016917426 -0.537714402127961
50
1 -0.20078797005997934 0.310514126502501
132 0.49760601661845355 0.16789830622832413
7 -0.37249378686507234 -0.1485112204151052
77 0.4238467585481384 -0.43689452480372226
175 0.25483159339502914 -0.6885304795585628
25 0.007629067016917426 -0.537714402127961
51
1 -0.20078797005997934 0.310514126502501
132 0.49760601661845355 0.16789830622832413
7 -0.37249378686507234 -0.1485112204151052
77 0.4238467585481384 -0.43689452480372226
175 0.25483159339502914 -0.6885304795585628
25 0.007629067016917426 -0.537714402127961
52
1 -0.20078797005997934 0.310514126502501
132 0.49760601661845355 0.16789830622832413
7 -0.37249378686507234 -0.1485112204151052
77 0.4238467585481384 -0.43689452480372226
175 0.25483159339502914 -0.6885304795585628
25 0.007629067016917426 -0.537714402127961
53
1 -0.20078797005997934 0.310514126502501
132 0.49760601661845355 0.16789830622832413
7 -0.37249378686507234 -0.1485112204151052
77 0.4238467585481384 -0.43689452480372226
175 0.25483159339502914 -0.6885304795585628
25 0.007629067016917426 -0.537714402127961
54
1 -0.20078797005997934 0.310514126502501
132 0.49760601661845355 0.16789830622832413
7 -0.37249378686507234 -0.1485112204151052
77 0.4238467585481384 -0.43689452480372226
175 0.25483159339502914 -0.6885304795585628
25 0.007629067016917426 -0.537714402127961
55
1 -0.20078797005997934 0.310514126502501
132 0.49760601661845355 0.16789830622832413
7 -0.37249378686507234 -0.1485112204151052
77 0.4238467585481384 -0.43689452480372226
175 0.25483159339502914 -0.6885304795585628
25 0.007629067016917426 -0.537714402127961
56
1 -0.20078797005997934 0.310514126502501
132 0.49760601661845355 0.16789830622832413
7 -0.37249378686507234 -0.1485112204151052
77 0.4238467585481384 -0.43689452480372226
175 0.25483159339502914 -0.6885304795585628
25 0.007629067016917426 -0.537714402127961
57
1 -0.20078797005997934 0.310514126502501
132 0.49760601661845355 0.16789830622832413
7 -0.37249378686507234 -0.1485112204151052
77 0.4238467585481384 -0.43689452480372226
175 0.25483159339502914 -0.6885304795585628
25 0.007629067016917426 -0.537714402127961
58
1 -0.20078797005997934 0.310514126502501
132 0.49760601661845355 0.16789830622832413
7 -0.37249378686507234 -0.1485112204151052
77 0.4238467585481384 -0.43689452480372226
175 0.25483159339502914 -0.6885304795585628
25 0.007629067016917426 -0.537714402127961
59
1 -0.20078797005997934 0.310514126502501
132 0.49760601661845355 0.16789830622832413
7 -0.37249378686507234 -0.1485112204151052
77 0.4238467585481384 -0.43689452480372226
175 0.25483159339502914 -0.6885304795585628
25 0.007629067016917426 -0.537714402127961
60
1 -0.20078797005997934 0.310514126502501
132 0.49760601661845355 0.16789830622832413
7 -0.37249378686507234 -0.1485112204151052
77 0.4238467585481384 -0.43689452480372226
175 0.25483159339502914 -0.6885304795585628
25 0.007629067016917426 -0.537714402127961
61
1 -0.20078797005997934 0.310514126502501
132 0.49760601661845355 0.16789830622832413
7 -0.37249378686507234 -0.1485112204151052
77 0.4238467585481384 -0.43689452480372226
175 0.25483159339502914 -0.6885304795585628
25 0.007629067016917426 -0.537714402127961
62
1 -0.20078797005997934 0.310514126502501
132 0.49760601661845355 0.16789830622832413
7 -0.37249378686507234 -0.1485112204151052
77 0.4238467585481384 -0.43689452480372226
175 0.25483159339502914 -0.6885304795585628
25 0.007629067016917426 -0.537714402127961
63
1 -0.20078797005997934 0.310514126502501
132 0.49760601661845355 0.16789830622832413
7 -0.37249378686507234 -0.1485112204151052
77 0.4238467585481384 -0.43689452480372226
175 0.25483159339502914 -0.6885304795585628
25 0.007629067016917426 -0.537714402127961
64
1 -0.20078797005997934 0.310514126502501
132 0.49760601661845355 0.16789830622832413
7 -0.37249378686507234 -0.1485112204151052
77 0.4238467585481384 -0.43689452480372226
175 0.25483159339502914 -0.6885304795585628
25 0.007629067016917426 -0.537714402127961
65
1 -0.20078797005997934 0.310514126502501
132 0.49760601661845355 0.16789830622832413
7 -0.37249378686507234 -0.1485112204151052
77 0.4238467585481384 -0.43689452480372226
175 0.25483159339502914 -0.6885304795585628
25 0.007629067016917426 -0.537714402127961
66
1 -0.20078797005997934 0.310514126502501
132 0.49760601661845355 0.16789830622832413
7 -0.37249378686507234 -0.1485112204151052
77 0.4238467585481384 -0.43689452480372226
175 0.25483159339502914 -0.6885304795585628
25 0.007629067016917426 -0.537714402127961
67
1 -0.20078797005997934 0.310514126502501
132 0.49760601661845355 0.16789830622832413
7 -0.37249378686507234 -0.1485112204151052
77 0.4238467585481384 -0.43689452480372226
175 0.25483159339502914 -0.6885304795585628
25 0.007629067016917426 -0.537714402127961
68
1 -0.20078797005997934 0.310514126502501
132 0.49760601661845355 0.16789830622832413
7 -0.37249378686507234 -0.1485112204151052
77 0.4238467585481384 -0.43689452480372226
175 0.25483159339502914 -0.6885304795585628
25 0.007629067016917426 -0.537714402127961
69
1 -0.20078797005997934 0.310514126502501
132 0.49760601661845355 0.16789830622832413
7 -0.37249378686507234 -0.1485112204151052
77 0.4238467585481384 -0.43689452480372226
175 0.25483159339502914 -0.6885304795585628
25 0.007629067016917426 -0.537714402127961
70
1 -0.20078797005997934 0.310514126502501
132 0.49760601661845355 0.16789830622832413
7 -0.37249378686507234 -0.1485112204151052
77 0.4238467585481384 -0.43689452480372226
175 0.25483159339502914 -0.6885304795585628
25 0.007629067016917426 -0.537714402127961
71
1 -0.20078797005997934 0.310514126502501
132 0.49760601661845355 0.16789830622832413
7 -0.37249378686507234 -0.1485112204151052
77 0.4238467585481384 -0.43689452480372226
175 0.25483159339502914 -0.6885304795585628
25 0.007629067016917426 -0.537714402127961
72
1 -0.20078797005997934 0.310514126502501
132 0.49760601661845355 0.16789830622832413
7 -0.37249378686507234 -0.1485112204151052
77 0.4238467585481384 -0.43689452480372226
175 0.25483159339502914 -0.6885304795585628
25 0.007629067016917426 -0.537714402127961
73
1 -0.20078797005997934 0.310514126502501
132 0.49760601661845355 0.16789830622832413
7 -0.37249378686507234 -0.1485112204151052
77 0.4238467585481384 -0.43689452480372226
175 0.25483159339502914 -0.6885304795585628
25 0.007629067016917426 -0.537714402127961
74
1 -0.20078797005997934 0.310514126502501
132 0.49760601661845355 0.16789830622832413
7 -0.37249378686507234 -0.1485112204151052
77 0.4238467585481384 -0.43689452480372226
175 0.25483159339502914 -0.6885304795585628
25 0.007629067016917426 -0.537714402127961
75
1 -0.20078797005997934 0.310514126502501
132 0.49760601661845355 0.16789830622832413
7 -0.37249378686507234 -0.1485112204151052
77 0.4238467585481384 -0.43689452480372226
175 0.25483159339502914 -0.6885304795585628
25 0.007629067016917426 -0.537714402127961
76
1 -0.20078797005997934 0.310514126502501
132 0.49760601661845355 0.16789830622832413
7 -0.37249378686507234 -0.1485112204151052
77 0.4238467585481384 -0.43689452480372226
175 0.25483159339502914 -0.6885304795585628
25 0.007629067016917426 -0.537714402127961
77
1 -0.20078797005997934 0.310514126502501
132 0.49760601661845355 0.16789830622832413
7 -0.37249378686507234 -0.1485112204151052
77 0.4238467585481384 -0.43689452480372226
175 0.25483159339502914 -0.6885304795585628
25 0.007629067016917426 -0.537714402127961
78
1 -0.20078797005997934 0.310514126502501
132 0.49760601661845355 0.16789830622832413
7 -0.37249378686507234 -0.1485112204151052
77 0.4238467585481384 -0.43689452480372226
175 0.25483159339502914 -0.6885304795585628
25 0.007629067016917426 -0.537714402127961
79
1 -0.20078797005997934 0.310514126502501
132 0.49760601661845355 0.16789830622832413
7 -0.37249378686507234 -0.1485112204151052
77 0.4238467585481384 -0.43689452480372226
175 0.25483159339502914 -0.6885304795585628
25 0.007629067016917426 -0.537714402127961
80
1 -0.20078797005997934 0.310514126502501
132 0.49760601661845355 0.16789830622832413
7 -0.37249378686507234 -0.1485112204151052
77 0.4238467585481384 -0.43689452480372226
175 0.25483159339502914 -0.6885304795585628
25 0.007629067016917426 -0.537714402127961
81
1 -0.20078797005997934 0.310514126502501
132 0.49760601661845355 0.16789830622832413
7 -0.37249378686507234 -0.1485112204151052
77 0.4238467585481384 -0.43689452480372226
175 0.25483159339502914 -0.6885304795585628
25 0.007629067016917426 -0.537714402127961
82
1 -0.20078797005997934 0.310514126502501
132 0.49760601661845355 0.16789830622832413
25 0.007629067016917426 -0.537714402127961
77 0.4238467585481384 -0.43689452480372226
7 -0.37249378686507234 -0.1485112204151052
83
1 -0.20078797005997934 0.310514126502501
132 0.49760601661845355 0.16789830622832413
25 0.007629067016917426 -0.537714402127961
77 0.4238467585481384 -0.43689452480372226
7 -0.37249378686507234 -0.1485112204151052
84
1 -0.20078797005997934 0.310514126502501
132 0.49760601661845355 0.16789830622832413
25 0.007629067016917426 -0.537714402127961
77 0.4238467585481384 -0.43689452480372226
7 -0.37249378686507234 -0.1485112204151052
85
1 -0.20078797005997934 0.310514126502501
132 0.49760601661845355 0.16789830622832413
25 0.007629067016917426 -0.537714402127961
77 0.4238467585481384 -0.43689452480372226
7 -0.37249378686507234 -0.1485112204151052
86
1 -0.20078797005997934 0.310514126502501
132 0.49760601661845355 0.16789830622832413
25 0.007629067016917426 -0.537714402127961
77 0.4238467585481384 -0.43689452480372226
7 -0.37249378686507234 -0.1485112204151052
87
1 -0.20078797005997934 0.310514126502501
132 0.49760601661845355 0.16789830622832413
25 0.007629067016917426 -0.537714402127961
77 0.4238467585481384 -0.43689452480372226
7 -0.37249378686507234 -0.1485112204151052
88
1 -0.20078797005997934 0.310514126502501
132 0.49760601661845355 0.16789830622832413
25 0.007629067016917426 -0.537714402127961
77 0.4238467585481384 -0.43689452480372226
7 -0.37249378686507234 -0.1485112204151052
89
1 -0.20078797005997934 0.310514126502501
132 0.49760601661845355 0.16789830622832413
25 0.007629067016917426 -0.537714402127961
77 0.4238467585481384 -0.43689452480372226
7 -0.37249378686507234 -0.1485112204151052
90
1 -0.20078797005997934 0.310514126502501
132 0.49760601661845355 0.16789830622832413
25 0.007629067016917426 -0.537714402127961
77 0.4238467585481384 -0.43689452480372226
7 -0.37249378686507234 -0.1485112204151052
91
1 -0.20078797005997934 0.310514126502501
132 0.49760601661845355 0.16789830622832413
25 0.007629067016917426 -0.537714402127961
77 0.4238467585481384 -0.43689452480372226
7 -0.37249378686507234 -0.1485112204151052
92
1 -0.20078797005997934 0.310514126502501
132 0.49760601661845355 0.16789830622832413
4 -0.28520603331069166 -0.2531671388324303
77 0.4238467585481384 -0.43689452480372226
25 0.007629067016917426 -0.537714402127961
93
1 -0.20078797005997934 0.310514126502501
132 0.49760601661845355 0.16789830622832413
4 -0.28520603331069166 -0.2531671388324303
77 0.4238467585481384 -0.43689452480372226
25 0.007629067016917426 -0.537714402127961
94
1 -0.20078797005997934 0.310514126502501
132 0.49760601661845355 0.16789830622832413
4 -0.28520603331069166 -0.2531671388324303
77 0.4238467585481384 -0.43689452480372226
25 0.007629067016917426 -0.537714402127961
95
1 -0.20078797005997934 0.310514126502501
132 0.49760601661845355 0.16789830622832413
4 -0.28520603331069166 -0.2531671388324303
77 0.4238467585481384 -0.43689452480372226
25 0.007629067016917426 -0.537714402127961
96
1 -0.20078797005997934 0.310514126502501
132 0.49760601661845355 0.16789830622832413
4 -0.28520603331069166 -0.2531671388324303
77 0.4238467585481384 -0.43689452480372226
25 0.007629067016917426 -0.537714402127961
97
1 -0.20078797005997934 0.310514126502501
132 0.49760601661845355 0.16789830622832413
4 -0.28520603331069166 -0.2531671388324303
77 0.4238467585481384 -0.43689452480372226
25 0.007629067016917426 -0.537714402127961
98
1 -0.20078797005997934 0.310514126502501
132 0.49760601661845355 0.16789830622832413
4 -0.28520603331069166 -0.2531671388324303
77 0.4238467585481384 -0.43689452480372226
25 0.007629067016917426 -0.537714402127961
99
1 -0.20078797005997934 0.310514126502501
132 0.49760601661845355 0.16789830622832413
4 -0.28520603331069166 -0.2531671388324303
77 0.4238467585481384 -0.43689452480372226
25 0.007629067016917426 -0.537714402127961