0
312 0.5108381718173396 0.1792208332297707
968 -0.4627402880533399 0.3369832542253776
231 0.4250245256787193 -0.41745488560752353
134 -0.3350937813934578 -0.3137620746014073
215 -0.022923254361167784 -0.506043003244788
1
312 0.5108381718173396 0.1792208332297707
968 -0.4627402880533399 0.3369832542253776
231 0.4250245256787193 -0.41745488560752353
134 -0.3350937813934578 -0.3137620746014073
215 -0.022923254361167784 -0.506043003244788
2
312 0.5108381718173396 0.1792208332297707
968 -0.4627402880533399 0.3369832542253776
231 0.4250245256787193 -0.41745488560752353
134 -0.3350937813934578 -0.3137620746014073
215 -0.022923254361167784 -0.506043003244788
3
312 0.5108381718173396 0.1792208332297707
968 -0.4627402880533399 0.3369832542253776
231 0.4250245256787193 -0.41745488560752353
134 -0.3350937813934578 -0.3137620746014073
215 -0.022923254361167784 -0.506043003244788
4
312 0.5108381718173396 0.1792208332297707
968 -0.4627402880533399 0.3369832542253776
215 -0.022923254361167784 -0.506043003244788
77 0.4238467585481384 -0.43689452480372226
7 -0.37249378686507234 -0.1485112204151052
5
312 0.5108381718173396 0.1792208332297707
968 -0.4627402880533399 0.3369832542253776
215 -0.022923254361167784 -0.506043003244788
77 0.4238467585481384 -0.43689452480372226
7 -0.37249378686507234 -0.1485112204151052
6
312 0.5108381718173396 0.1792208332297707
968 -0.4627402880533399 0.3369832542253776
215 -0.022923254361167784 -0.506043003244788
77 0.4238467585481384 -0.43689452480372226
7 -0.37249378686507234 -0.1485112204151052
7
312 0.5108381718173396 0.1792208332297707
215 -0.022923254361167784 -0.506043003244788
364 -0.46121313669922137 0.3178054022866034
77 0.4238467585481384 -0.43689452480372226
7 -0.37249378686507234 -0.1485112204151052
8
312 0.5108381718173396 0.1792208332297707
162 -0.451796993527921 0.2653686836609336
215 -0.022923254361167784 -0.506043003244788
77 0.4238467585481384 -0.43689452480372226
7 -0.37249378686507234 -0.1485112204151052
9
162 -0.451796993527921 0.2653686836609336
215 -0.022923254361167784 -0.506043003244788
132 0.49760601661845355 0.16789830622832413
77 0.4238467585481384 -0.43689452480372226
7 -0.37249378686507234 -0.1485112204151052
10
25 0.007629067016917426 -0.537714402127961
162 -0.451796993527921 0.2653686836609336
132 0.49760601661845355 0.16789830622832413
77 0.4238467585481384 -0.43689452480372226
7 -0.37249378686507234 -0.1485112204151052
11
25 0.007629067016917426 -0.537714402127961
71 -0.4145310818154943 0.32997184895341586
132 0.49760601661845355 0.16789830622832413
77 0.4238467585481384 -0.43689452480372226
7 -0.37249378686507234 -0.1485112204151052
12
25 0.007629067016917426 -0.537714402127961
71 -0.4145310818154943 0.32997184895341586
132 0.49760601661845355 0.16789830622832413
77 0.4238467585481384 -0.43689452480372226
7 -0.37249378686507234 -0.1485112204151052
13
25 0.007629067016917426 -0.537714402127961
71 -0.4145310818154943 0.32997184895341586
132 0.49760601661845355 0.16789830622832413
77 0.4238467585481384 -0.43689452480372226
7 -0.37249378686507234 -0.1485112204151052
14
25 0.007629067016917426 -0.537714402127961
71 -0.4145310818154943 0.32997184895341586
132 0.49760601661845355 0.16789830622832413
77 0.4238467585481384 -0.43689452480372226
7 -0.37249378686507234 -0.1485112204151052
15
25 0.007629067016917426 -0.537714402127961
71 -0.4145310818154943 0.32997184895341586
132 0.49760601661845355 0.16789830622832413
77 0.4238467585481384 -0.43689452480372226
7 -0.37249378686507234 -0.1485112204151052
16
25 0.007629067016917426 -0.537714402127961
71 -0.4145310818154943 0.32997184895341586
132 0.49760601661845355 0.16789830622832413
77 0.4238467585481384 -0.43689452480372226
7 -0.37249378686507234 -0.1485112204151052
17
1 -0.20078797005997934 0.310514126502501
132 0.49760601661845355 0.16789830622832413
25 0.007629067016917426 -0.537714402127961
77 0.4238467585481384 -0.43689452480372226
7 -0.37249378686507234 -0.1485112204151052
18
1 -0.20078797005997934 0.310514126502501
132 0.49760601661845355 0.16789830622832413
25 0.007629067016917426 -0.537714402127961
77 0.4238467585481384 -0.43689452480372226
7 -0.37249378686507234 -0.1485112204151052
19
1 -0.20078797005997934 0.310514126502501
132 0.49760601661845355 0.16789830622832413
25 0.007629067016917426 -0.537714402127961
77 0.4238467585481384 -0.43689452480372226
7 -0.37249378686507234 -0.1485112204151052
20
1 -0.20078797005997934 0.310514126502501
132 0.49760601661845355 0.16789830622832413
25 0.007629067016917426 -0.537714402127961
77 0.4238467585481384 -0.43689452480372226
7 -0.37249378686507234 -0.1485112204151052
21
1 -0.20078797005997934 0.310514126502501
132 0.49760601661845355 0.16789830622832413
25 0.007629067016917426 -0.537714402127961
77 0.4238467585481384 -0.43689452480372226
7 -0.37249378686507234 -0.1485112204151052
22
1 -0.20078797005997934 0.310514126502501
132 0.49760601661845355 0.16789830622832413
25 0.007629067016917426 -0.537714402127961
77 0.4238467585481384 -0.43689452480372226
7 -0.37249378686507234 -0.1485112204151052
23
1 -0.20078797005997934 0.310514126502501
132 0.49760601661845355 0.16789830622832413
25 0.007629067016917426 -0.537714402127961
77 0.4238467585481384 -0.43689452480372226
7 -0.37249378686507234 -0.1485112204151052
24
1 -0.20078797005997934 0.310514126502501
132 0.49760601661845355 0.16789830622832413
25 0.007629067016917426 -0.537714402127961
77 0.4238467585481384 -0.43689452480372226
7 -0.37249378686507234 -0.1485112204151052
25
1 -0.20078797005997934 0.310514126502501
132 0.49760601661845355 0.16789830622832413
25 0.007629067016917426 -0.537714402127961
77 0.4238467585481384 -0.43689452480372226
7 -0.37249378686507234 -0.1485112204151052
26
1 -0.20078797005997934 0.310514126502501
132 0.49760601661845355 0.16789830622832413
7 -0.37249378686507234 -0.1485112204151052
77 0.4238467585481384 -0.43689452480372226
175 0.25483159339502914 -0.6885304795585628
25 0.007629067016917426 -0.537714402127961
27
1 -0.20078797005997934 0.310514126502501
132 0.49760601661845355 0.16789830622832413
7 -0.37249378686507234 -0.1485112204151052
77 0.4238467585481384 -0.43689452480372226
175 0.25483159339502914 -0.6885304795585628
25 0.007629067016917426 -0.537714402127961
28
1 -0.20078797005997934 0.310514126502501
132 0.49760601661845355 0.16789830622832413
7 -0.37249378686507234 -0.1485112204151052
77 0.4238467585481384 -0.43689452480372226
175 0.25483159339502914 -0.6885304795585628
25 0.007629067016917426 -0.537714402127961
29
1 -0.20078797005997934 0.310514126502501
132 0.49760601661845355 0.16789830622832413
7 -0.37249378686507234 -0.1485112204151052
77 0.4238467585481384 -0.43689452480372226
175 0.25483159339502914 -0.6885304795585628
25 0.007629067016917426 -0.537714402127961
30
1 -0.20078797005997934 0.310514126502501
132 0.49760601661845355 0.16789830622832413
7 -0.37249378686507234 -0.1485112204151052
77 0.4238467585481384 -0.43689452480372226
175 0.25483159339502914 -0.6885304795585628
25 0.007629067016917426 -0.537714402127961
31
1 -0.20078797005997934 0.310514126502501
132 0.49760601661845355 0.16789830622832413
7 -0.37249378686507234 -0.1485112204151052
77 0.4238467585481384 -0.43689452480372226
175 0.25483159339502914 -0.6885304795585628
25 0.007629067016917426 -0.537714402127961
32
1 -0.20078797005997934 0.310514126502501
132 0.49760601661845355 0.16789830622832413
7 -0.37249378686507234 -0.1485112204151052
77 0.4238467585481384 -0.43689452480372226
175 0.25483159339502914 -0.6885304795585628
25 0.007629067016917426 -0.537714402127961
33
1 -0.20078797005997934 0.310514126502501
132 0.49760601661845355 0.16789830622832413
7 -0.37249378686507234 -0.1485112204151052
77 0.4238467585481384 -0.43689452480372226
175 0.25483159339502914 -0.6885304795585628
25 0.007629067016917426 -0.537714402127961
34
1 -0.20078797005997934 0.310514126502501
132 0.49760601661845355 0.16789830622832413
7 -0.37249378686507234 -0.1485112204151052
77 0.4238467585481384 -0.43689452480372226
175 0.25483159339502914 -0.6885304795585628
25 0.007629067016917426 -0.537714402127961
35
1 -0.20078797005997934 0.310514126502501
132 0.49760601661845355 0.16789830622832413
7 -0.37249378686507234 -0.1485112204151052
77 0.4238467585481384 -0.43689452480372226
175 0.25483159339502914 -0.6885304795585628
25 0.007629067016917426 -0.537714402127961
36
1 -0.20078797005997934 0.310514126502501
132 0.49760601661845355 0.16789830622832413
7 -0.37249378686507234 -0.1485112204151052
77 0.4238467585481384 -0.43689452480372226
175 0.25483159339502914 -0.6885304795585628
25 0.007629067016917426 -0.537714402127961
37
1 -0.20078797005997934 0.310514126502501
132 0.49760601661845355 0.16789830622832413
7 -0.37249378686507234 -0.1485112204151052
77 0.4238467585481384 -0.43689452480372226
175 0.25483159339502914 -0.6885304795585628
25 0.007629067016917426 -0.537714402127961
38
1 -0.20078797005997934 0.310514126502501
132 0.49760601661845355 0.16789830622832413
7 -0.37249378686507234 -0.1485112204151052
77 0.4238467585481384 -0.43689452480372226
175 0.25483159339502914 -0.6885304795585628
25 0.007629067016917426 -0.537714402127961
39
1 -0.20078797005997934 0.310514126502501
132 0.49760601661845355 0.16789830622832413
7 -0.37249378686507234 -0.1485112204151052
77 0.4238467585481384 -0.43689452480372226
175 0.25483159339502914 -0.6885304795585628
25 0.007629067016917426 -0.537714402127961
40
1 -0.20078797005997934 0.310514126502501
132 0.49760601661845355 0.16789830622832413
7 -0.37249378686507234 -0.1485112204151052
77 0.4238467585481384 -0.43689452480372226
175 0.25483159339502914 -0.6885304795585628
25 0.007629067016917426 -0.537714402127961
41
1 -0.20078797005997934 0.310514126502501
132 0.49760601661845355 0.16789830622832413
7 -0.37249378686507234 -0.1485112204151052
77 0.4238467585481384 -0.43689452480372226
175 0.25483159339502914 -0.6885304795585628
25 0.007629067016917426 -0.537714402127961
42
1 -0.20078797005997934 0.310514126502501
132 0.49760601661845355 0.16789830622832413
7 -0.37249378686507234 -0.1485112204151052
77 0.4238467585481384 -0.43689452480372226
175 0.25483159339502914 -0.6885304795585628
25 0.007629067016917426 -0.537714402127961
43
1 -0.20078797005997934 0.310514126502501
132 0.49760601661845355 0.16789830622832413
7 -0.37249378686507234 -0.1485112204151052
77 0.4238467585481384 -0.43689452480372226
175 0.25483159339502914 -0.6885304795585628
25 0.007629067016917426 -0.537714402127961
44
1 -0.20078797005997934 0.310514126502501
132 0.49760601661845355 0.16789830622832413
7 -0.37249378686507234 -0.1485112204151052
77 0.4238467585481384 -0.43689452480372226
175 0.25483159339502914 -0.6885304795585628
25 0.007629067016917426 -0.537714402127961
45
1 -0.20078797005997934 0.310514126502501
132 0.49760601661845355 0.16789830622832413
7 -0.37249378686507234 -0.1485112204151052
77 0.4238467585481384 -0.43689452480372226
175 0.25483159339502914 -0.6885304795585628
25 0.007629067016917426 -0.537714402127961
46
1 -0.20078797005997934 0.310514126502501
132 0.49760601661845355 0.16789830622832413
7 -0.37249378686507234 -0.1485112204151052
77 0.4238467585481384 -0.43689452480372226
175 0.25483159339502914 -0.6885304795585628
25 0.007629067016917426 -0.537714402127961
47
1 -0.20078797005997934 0.310514126502501
132 0.49760601661845355 0.16789830622832413
7 -0.37249378686507234 -0.1485112204151052
77 0.4238467585481384 -0.43689452480372226
175 0.25483159339502914 -0.6885304795585628
25 0.007629067016917426 -0.537714402127961
48
1 -0.20078797005997934 0.310514126502501
132 0.49760601661845355 0.16789830622832413
7 -0.37249378686507234 -0.1485112204151052
77 0.4238467585481384 -0.43689452480372226
175 0.25483159339502914 -0.6885304795585628
25 0.007629067016917426 -0.537714402127961
49
1 -0.20078797005997934 0.310514126502501
132 0.49760601661845355 0.16789830622832413
7 -0.37249378686507234 -0.1485112204151052
77 0.4238467585481384 -0.43689452480372226
175 0.25483159339502914 -0.6885304795585628
25 0.007629067016917426 -0.537714402127961