312 0.5108381718173396 0.1792208332297707
968 -0.4627402880533399 0.3369832542253776
231 0.4250245256787193 -0.41745488560752353
134 -0.3350937813934578 -0.3137620746014073
215 -0.022923254361167784 -0.506043003244788
312 0.5108381718173396 0.1792208332297707
968 -0.4627402880533399 0.3369832542253776
231 0.4250245256787193 -0.41745488560752353
134 -0.3350937813934578 -0.3137620746014073
215 -0.022923254361167784 -0.506043003244788
312 0.5108381718173396 0.1792208332297707
968 -0.4627402880533399 0.3369832542253776
231 0.4250245256787193 -0.41745488560752353
134 -0.3350937813934578 -0.3137620746014073
215 -0.022923254361167784 -0.506043003244788
312 0.5108381718173396 0.1792208332297707
968 -0.4627402880533399 0.3369832542253776
231 0.4250245256787193 -0.41745488560752353
134 -0.3350937813934578 -0.3137620746014073
215 -0.022923254361167784 -0.506043003244788
312 0.5108381718173396 0.1792208332297707
968 -0.4627402880533399 0.3369832542253776
215 -0.022923254361167784 -0.506043003244788
77 0.4238467585481384 -0.43689452480372226
7 -0.37249378686507234 -0.1485112204151052
312 0.5108381718173396 0.1792208332297707
968 -0.4627402880533399 0.3369832542253776
215 -0.022923254361167784 -0.506043003244788
77 0.4238467585481384 -0.43689452480372226
7 -0.37249378686507234 -0.1485112204151052
312 0.5108381718173396 0.1792208332297707
968 -0.4627402880533399 0.3369832542253776
215 -0.022923254361167784 -0.506043003244788
77 0.4238467585481384 -0.43689452480372226
7 -0.37249378686507234 -0.1485112204151052
312 0.5108381718173396 0.1792208332297707
215 -0.022923254361167784 -0.506043003244788
364 -0.46121313669922137 0.3178054022866034
77 0.4238467585481384 -0.43689452480372226
7 -0.37249378686507234 -0.1485112204151052
312 0.5108381718173396 0.1792208332297707
162 -0.451796993527921 0.2653686836609336
215 -0.022923254361167784 -0.506043003244788
77 0.4238467585481384 -0.43689452480372226
7 -0.37249378686507234 -0.1485112204151052
162 -0.451796993527921 0.2653686836609336
215 -0.022923254361167784 -0.506043003244788
132 0.49760601661845355 0.16789830622832413
77 0.4238467585481384 -0.43689452480372226
7 -0.37249378686507234 -0.1485112204151052
25 0.007629067016917426 -0.537714402127961
162 -0.451796993527921 0.2653686836609336
132 0.49760601661845355 0.16789830622832413
77 0.4238467585481384 -0.43689452480372226
7 -0.37249378686507234 -0.1485112204151052
25 0.007629067016917426 -0.537714402127961
71 -0.4145310818154943 0.32997184895341586
132 0.49760601661845355 0.16789830622832413
77 0.4238467585481384 -0.43689452480372226
7 -0.37249378686507234 -0.1485112204151052
25 0.007629067016917426 -0.537714402127961
71 -0.4145310818154943 0.32997184895341586
132 0.49760601661845355 0.16789830622832413
77 0.4238467585481384 -0.43689452480372226
7 -0.37249378686507234 -0.1485112204151052
25 0.007629067016917426 -0.537714402127961
71 -0.4145310818154943 0.32997184895341586
132 0.49760601661845355 0.16789830622832413
77 0.4238467585481384 -0.43689452480372226
7 -0.37249378686507234 -0.1485112204151052
25 0.007629067016917426 -0.537714402127961
71 -0.4145310818154943 0.32997184895341586
132 0.49760601661845355 0.16789830622832413
77 0.4238467585481384 -0.43689452480372226
7 -0.37249378686507234 -0.1485112204151052
25 0.007629067016917426 -0.537714402127961
71 -0.4145310818154943 0.32997184895341586
132 0.49760601661845355 0.16789830622832413
77 0.4238467585481384 -0.43689452480372226
7 -0.37249378686507234 -0.1485112204151052
25 0.007629067016917426 -0.537714402127961
71 -0.4145310818154943 0.32997184895341586
132 0.49760601661845355 0.16789830622832413
77 0.4238467585481384 -0.43689452480372226
7 -0.37249378686507234 -0.1485112204151052
1 -0.20078797005997934 0.310514126502501
132 0.49760601661845355 0.16789830622832413
25 0.007629067016917426 -0.537714402127961
77 0.4238467585481384 -0.43689452480372226
7 -0.37249378686507234 -0.1485112204151052
1 -0.20078797005997934 0.310514126502501
132 0.49760601661845355 0.16789830622832413
25 0.007629067016917426 -0.537714402127961
77 0.4238467585481384 -0.43689452480372226
7 -0.37249378686507234 -0.1485112204151052
1 -0.20078797005997934 0.310514126502501
132 0.49760601661845355 0.16789830622832413
25 0.007629067016917426 -0.537714402127961
77 0.4238467585481384 -0.43689452480372226
7 -0.37249378686507234 -0.1485112204151052