0.6745 -0.200 -0.147 -0.662 0.1347 0.0723 -0.004 0.0282 -0.132 -0.045
0.7107 0.4459 0.4232 -0.055 -0.121 -0.224 0.0047 0.1214 0.1078 0.1489
0.6323 -0.179 -0.160 -0.693 0.1844 0.0626 0.0575 0.0804 -0.109 -0.040
0.7464 0.4854 0.3663 -0.029 -0.107 -0.174 0.0164 0.1161 0.1019 0.0773
0.7460 0.4362 0.2532 -0.086 -0.066 -0.052 0.2099 0.2914 0.2100 0.0327
0.6928 0.3720 0.4316 0.0288 -0.087 -0.286 -0.239 -0.181 -0.102 -0.061
0.6692 0.3492 0.3421 -0.152 -0.102 -0.142 0.1661 0.3805 0.2206 0.1945
0.6771 0.1672 0.0620 -0.586 0.2505 -0.028 0.1737 0.1826 0.1747 0.0872
0.6149 -0.090 -0.163 -0.691 0.3083 0.0491 0.0441 -0.024 -0.096 -0.003
0.6483 -0.194 -0.152 -0.672 0.1861 0.0017 0.0241 0.1516 -0.049 -0.077
0.6629 -0.170 -0.117 -0.657 0.0938 0.0587 0.0436 0.2043 -0.117 -0.125
0.7589 0.4532 0.2206 -0.038 -0.085 0.0374 0.1502 0.3232 0.1805 0.0025
0.6145 -0.154 -0.160 -0.704 0.2345 0.0452 0.0584 0.0779 -0.091 -0.032
0.6298 -0.157 -0.169 -0.698 0.1921 0.0785 0.0479 0.0670 -0.106 -0.029
0.6415 -0.175 -0.156 -0.698 0.1406 0.0418 0.0528 0.1070 -0.088 -0.041
0.7134 -0.221 -0.103 -0.631 0.1099 -0.005 -0.030 0.0848 -0.076 -0.083
0.6723 -0.147 -0.154 -0.651 0.1130 0.0401 0.0043 0.1709 -0.108 -0.151
0.6653 -0.156 -0.139 -0.662 0.1118 0.0453 0.0114 0.1752 -0.086 -0.148
0.7762 -0.428 -0.154 -0.377 -0.075 0.0841 -0.030 -0.177 0.0354 -0.037
0.6244 -0.169 -0.158 -0.709 0.2072 0.0451 0.0471 0.0286 -0.061 -0.023
0.7409 -0.285 -0.166 -0.537 0.1749 0.0756 -0.024 -0.095 -0.079 0.0101
0.6291 -0.572 -0.156 -0.178 -0.336 0.0986 -0.039 -0.045 -0.299 0.0610
0.5516 0.5098 -0.255 0.3205 0.0036 0.3760 0.2336 -0.179 -0.184 -0.074
0.5586 0.5155 -0.254 0.3080 -0.004 0.3793 0.2222 -0.168 -0.185 -0.078
0.5737 0.5176 -0.276 0.3027 -0.013 0.3257 0.2744 -0.136 -0.159 -0.094
0.5688 -0.061 -0.180 -0.720 0.3208 0.0333 0.0451 0.0253 -0.118 -0.024
0.6747 0.4135 0.4842 -0.066 -0.140 -0.256 -0.049 0.0981 0.0605 0.1827
0.7318 0.2074 0.1075 -0.506 0.1484 -0.051 0.1610 0.2563 0.1010 0.1625
0.7318 0.2074 0.1075 -0.506 0.1484 -0.051 0.1610 0.2563 0.1010 0.1625
0.6851 -0.194 -0.108 -0.571 -0.023 -0.014 -0.011 0.3256 -0.160 -0.147
0.7419 0.1959 0.1118 -0.484 0.1554 -0.047 0.1696 0.2624 0.1108 0.1668
0.6942 0.2145 0.1004 -0.535 0.1869 -0.046 0.1886 0.2038 0.1799 0.1681
0.7457 0.3765 0.3261 -0.091 -0.072 -0.147 0.0708 0.2911 0.2224 -0.145
0.7480 -0.357 -0.187 -0.498 0.0346 0.0850 -0.037 -0.115 -0.074 -0.001
0.6471 0.3587 0.3075 -0.154 -0.102 -0.123 0.2033 0.4066 0.2513 0.1964
0.6223 -0.150 -0.080 -0.518 -0.172 0.0036 0.0252 0.4043 -0.346 -0.009
0.6242 -0.178 -0.087 -0.512 -0.154 0.0092 0.0127 0.3868 -0.367 0.0037
0.6742 -0.185 -0.069 -0.518 -0.134 -0.005 0.0192 0.3722 -0.283 -0.014
0.5875 0.5089 -0.355 0.3125 -0.026 0.2753 0.2182 -0.148 -0.141 -0.073
0.6353 -0.162 -0.120 -0.525 -0.163 -2.376 0.0026 0.3865 -0.312 -0.075
0.7063 0.3872 0.3270 -0.114 -0.099 -0.126 0.1671 0.3389 0.2205 0.1182
0.6175 -0.170 -0.087 -0.541 -0.131 0.0027 0.0200 0.3813 -0.354 0.0213
0.6580 -0.189 -0.120 -0.633 0.0257 0.0669 0.0459 0.2532 -0.149 -0.145
0.7913 -0.323 -0.125 -0.449 0.1517 0.0602 -0.017 -0.152 -0.013 -0.032
0.6505 -0.146 -0.069 -0.527 -0.155 0.0002 0.0369 0.4183 -0.258 -0.065
0.6332 -0.157 -0.082 -0.521 -0.163 -0.007 0.0219 0.4200 -0.300 -0.036
0.6886 -0.173 -0.136 -0.623 0.0809 0.0151 0.0172 0.2477 -0.082 -0.112
0.6531 0.3666 0.4673 0.0710 -0.115 -0.243 -0.237 -0.230 -0.173 0.0571
0.7363 0.3732 0.3321 -0.161 -0.067 -0.100 0.1571 0.3221 0.1741 0.0932
0.6884 0.4470 0.4399 0.0227 -0.079 -0.234 -0.165 -0.202 -0.034 -0.033
0.6392 -0.155 -0.097 -0.571 -0.097 0.0026 0.0192 0.3295 -0.334 0.0338
0.8151 -0.402 -0.082 -0.336 0.1584 0.0541 -0.015 -0.155 0.0199 -0.030
0.7579 -0.367 -0.128 -0.414 0.2525 0.0342 0.0221 0.0108 -0.176 0.0713
0.8091 -0.365 -0.205 0.0971 -0.217 0.1743 0.0546 -0.131 -0.224 -0.110
0.6372 -0.566 -0.135 -0.105 -0.236 0.0827 -0.055 0.0780 -0.402 0.0931
0.7087 0.2456 0.1535 -0.444 0.0781 -0.070 0.2045 0.3115 0.1951 0.1679
0.7435 -0.255 -0.182 -0.543 0.1832 0.0715 -0.022 -0.113 -0.028 0.0032
0.5904 -0.023 -0.128 -0.708 0.3334 0.0702 0.0771 -0.077 0.0357 -0.049
0.7252 0.2458 0.1456 -0.444 0.0994 -0.067 0.1794 0.2956 0.1928 0.1523
0.5141 0.4894 -0.211 0.3087 -0.014 0.4239 0.2704 -0.183 -0.256 -0.060
0.6192 0.5069 -0.150 0.1865 -0.034 0.2651 0.4406 0.1379 0.0797 -0.103
0.5433 0.5200 -0.273 0.3130 0.0082 0.3693 0.2324 -0.172 -0.202 -0.020
0.6018 0.3650 0.3232 -0.145 -0.110 -0.136 0.2096 0.3868 0.2612 0.2929
0.7161 0.2544 0.1574 -0.445 0.1030 -0.067 0.1927 0.3048 0.1698 0.1591
0.5820 -0.520 -0.158 -0.163 -0.498 0.1345 -0.043 -0.095 -0.243 0.0322
0.5796 -0.540 -0.162 -0.152 -0.469 0.1365 -0.069 -0.055 -0.266 0.0640
0.7562 0.2636 0.1660 -0.351 -0.001 -0.077 0.1886 0.3113 0.1654 0.2036
0.7616 -0.310 -0.172 -0.510 0.1143 0.0498 -0.005 -0.082 -0.092 0.0431
0.7077 0.2744 0.1535 -0.472 0.1801 -0.044 0.1962 0.1601 0.1976 0.1974
0.7782 -0.283 -0.093 -0.469 0.2518 0.0210 -0.034 -0.113 -0.076 -0.027
0.4756 -0.038 -0.149 -0.690 0.4395 0.0644 0.0563 -0.250 0.0704 0.0692
0.7681 -0.331 -0.166 -0.478 0.0685 0.0907 -0.008 -0.171 -0.002 0.0219
0.6305 -0.561 -0.151 -0.183 -0.368 0.1033 -0.038 -0.053 -0.280 0.0394
0.5865 0.5681 -0.168 0.2829 -0.058 0.2688 0.3190 -0.124 -0.174 0.0329
0.7252 0.3438 0.3063 -0.171 -0.029 -0.082 0.0665 0.3151 0.2062 -0.280
0.5829 0.5629 -0.166 0.2799 -0.054 0.2863 0.3255 -0.125 -0.174 2.4038
0.3908 0.1509 -0.729 0.1315 -0.009 -0.488 -0.175 0.0556 0.0101 0.0524
0.5545 0.5292 -0.324 0.3119 -0.045 0.2452 0.2959 -0.137 -0.201 -0.018
0.5224 -0.077 -0.174 -0.690 0.4118 -0.002 0.0008 -0.157 -0.018 0.1351
0.7174 -0.277 -0.186 -0.564 0.1616 0.1035 0.0521 -0.120 0.0152 -0.021
0.6863 -0.611 -0.129 0.0088 -0.262 0.0583 -0.038 -0.101 -0.233 -0.003
0.5502 -0.097 -0.188 -0.694 0.3715 0.0837 0.0359 -0.152 0.0109 0.0282
0.7208 0.3676 0.3145 -0.158 -0.120 -0.120 0.1672 0.3490 0.1718 0.1124
0.6902 0.4523 0.4158 0.0164 -0.072 -0.213 -0.147 -0.239 -0.044 0.1182
0.7085 0.4427 0.3814 -0.012 -0.051 -0.192 -0.177 -0.266 -0.082 0.0839
0.6488 -0.101 -0.132 -0.681 0.2791 0.0629 0.0382 -0.062 0.0049 -0.000
0.5089 0.0760 -0.042 -0.526 0.5129 0.0539 0.0054 -0.381 0.2075 -0.034
0.6593 -0.160 -0.135 -0.689 0.1991 0.0554 0.0340 -0.005 -0.035 0.0027
0.6806 0.4244 0.2875 -0.167 -0.064 -0.021 0.1875 0.3857 0.2102 0.1135
0.6345 -0.266 -0.154 -0.572 -0.086 0.0768 -0.006 0.2331 -0.294 -0.142
0.7904 -0.388 -0.057 -0.375 0.1657 0.0797 0.0038 -0.188 0.0704 -0.073
0.6539 -0.618 -0.108 -0.087 -0.288 0.1107 0.0480 -0.047 0.1882 0.1876
0.5678 -0.557 -0.167 -0.162 -0.428 0.1249 -0.034 -0.064 -0.318 0.0755
0.7226 0.3822 0.2749 -0.209 -0.043 -0.044 0.1877 0.3655 0.1974 0.0160
0.5674 -0.559 -0.165 -0.156 -0.433 0.1251 -0.033 -0.064 -0.312 0.0786
0.6558 0.5641 -0.257 0.2392 0.0226 0.3291 0.0311 -0.094 -0.096 0.0131
0.8251 0.3592 0.2999 -0.150 -0.066 -0.195 -0.045 0.1779 0.0005 -0.031
0.4212 -0.018 -0.167 -0.639 0.4987 0.0278 0.0381 -0.317 0.0569 0.1735
0.7177 -0.457 -0.096 -0.356 -0.345 0.1027 0.0357 0.0197 0.0855 -0.022
0.6933 -0.579 -0.125 -0.060 -0.294 0.0783 -0.069 -0.048 -0.251 0.0312
0.7227 -0.191 -0.096 -0.556 0.1552 0.0158 0.0424 0.2243 -0.121 -0.174
0.5919 -0.554 -0.162 -0.164 -0.400 0.1077 -0.044 -0.068 -0.325 0.0607
0.6927 -0.345 -0.202 -0.549 0.2111 0.0328 -0.003 0.0183 -0.057 -0.094
0.7097 0.2511 0.1750 -0.429 0.1120 -0.070 0.1972 0.2689 0.2115 0.2102
0.7099 -0.194 -0.132 -0.599 0.2334 0.0590 0.0178 -0.151 -0.010 -0.017
0.6175 0.5395 -0.281 0.2571 0.0478 0.3942 -0.107 -0.052 -0.076 0.0635
0.7139 0.3056 0.2251 -0.329 0.0234 -0.065 0.2126 0.3163 0.1891 0.2279
0.7087 -0.229 -0.136 -0.588 0.2543 0.0514 0.0279 -0.106 -0.015 0.0199
0.8085 0.3608 0.3136 -0.192 -0.001 -0.168 -0.107 0.0832 0.0659 -0.172
0.6108 -0.547 -0.202 -0.138 -0.382 0.0748 -0.046 -0.063 -0.320 0.0736
0.6790 -0.621 -0.097 0.0214 -0.285 0.0812 -0.037 -0.138 -0.184 -0.012
0.7130 -0.240 -0.144 -0.578 0.2348 0.0671 0.0299 -0.130 -0.007 0.0145
0.5720 0.4043 0.3268 -0.140 -0.134 -0.109 0.2341 0.3608 0.2234 0.3429
0.7139 -0.246 -0.124 -0.548 0.3057 0.0550 0.0309 -0.107 -0.063 0.0147
0.7231 -0.237 -0.123 -0.565 0.2412 0.0783 0.0383 -0.139 0.0202 0.0154
0.6090 0.5171 -0.132 0.1900 -0.039 0.2528 0.4566 0.1220 0.0798 -0.112
0.7310 -0.345 -0.155 -0.516 0.2110 0.0201 -0.018 -0.010 -0.039 -0.090
0.5837 -0.460 -0.155 -0.260 -0.460 0.1353 -0.058 -0.079 -0.336 0.0331
0.6267 0.3731 0.2957 -0.179 -0.093 -0.069 0.2484 0.4231 0.2457 0.1830
0.6931 0.4000 0.4545 -0.020 -0.151 -0.204 -0.007 0.0992 0.1308 0.2466
0.3557 0.0823 -0.726 0.0963 -0.018 -0.531 -0.199 0.0559 0.0095 0.0643
0.6637 -0.088 0.0145 -0.552 0.0546 -0.043 0.0964 0.4512 0.0732 -0.153
0.6392 -0.173 -0.122 -0.525 -0.149 0.0219 0.0223 0.4214 -0.226 -0.132
0.5983 0.3932 0.3842 -0.132 -0.137 -0.160 0.1428 0.2974 0.1747 0.3715
0.3878 -0.017 -0.102 -0.615 0.5263 0.0494 0.0555 -0.369 0.1750 0.0997
0.7047 -0.626 -0.070 0.0048 -0.200 0.0568 -0.045 0.0210 -0.244 0.0153
0.3462 -0.024 -0.107 -0.595 0.5452 0.0500 0.0408 -0.407 0.1734 0.1267
0.7208 -0.243 -0.125 -0.540 0.3059 0.0561 0.0382 -0.093 -0.076 0.0285
0.3537 -0.020 -0.112 -0.592 0.5326 0.0431 0.0481 -0.421 0.1758 0.1170
0.6227 0.3794 0.3189 -0.185 -0.095 -0.100 0.2214 0.4147 0.2693 0.1390
0.5438 -0.526 0.1552 0.4409 0.4349 -0.070 0.0593 0.0670 -0.081 -0.001
0.7890 -0.128 0.0044 -0.356 0.4077 0.0669 -0.064 0.1762 -0.026 -0.165
0.5769 0.5241 -0.285 0.2823 -0.007 0.2350 0.2297 -0.248 -0.246 0.0264
0.6581 0.4164 0.4588 0.0334 -0.113 -0.261 -0.205 -0.201 -0.133 0.0083
0.6152 0.5006 -0.430 0.3031 -0.025 0.0605 0.2591 -0.067 -0.026 -0.130
0.7128 -0.606 -0.079 -0.058 -0.203 0.0573 -0.057 0.0288 -0.255 0.0026
0.6595 0.3523 0.3018 -0.204 -0.046 -0.081 0.2283 0.3744 0.2410 0.2207
0.6895 -0.473 -0.104 -0.284 -0.426 0.1241 0.0189 -0.028 0.0902 -0.044
0.3820 0.0543 -0.069 -0.533 0.5288 0.0477 0.0428 -0.462 0.1953 0.1620
0.7421 0.3737 0.3456 0.0593 -0.004 -0.163 -0.255 -0.212 -0.016 -0.222
0.7051 0.3780 0.2992 -0.086 -0.065 -0.195 -0.135 0.0426 0.0198 -0.446
0.2958 0.2082 -0.162 0.0781 0.1714 0.5934 -0.626 0.2086 0.0846 0.1083
0.6525 0.4048 0.4656 0.0265 -0.120 -0.284 -0.218 -0.187 -0.119 6.9022
0.6246 0.4679 -0.492 0.3052 -0.050 -0.134 0.1579 -0.077 0.0490 -0.025
0.5578 -0.520 -0.162 -0.188 -0.483 0.1366 -0.057 -0.124 -0.287 0.0428
0.6787 0.3993 0.4348 0.0288 -0.088 -0.281 -0.256 -0.167 -0.092 -0.007
0.6242 0.4676 -0.474 0.3143 -0.080 -0.155 0.1045 -0.162 -0.004 0.0141
0.7180 -0.037 0.0158 -0.425 0.5013 0.0485 -0.018 -0.084 0.1087 -0.170
0.6934 0.4579 0.4159 -0.007 -0.054 -0.200 -0.182 -0.243 -0.005 -0.026
0.8008 0.3792 0.3934 -0.098 -0.051 -0.170 -0.062 0.0890 -0.028 -0.078
0.5678 0.2117 -0.720 -0.058 0.0996 0.0565 -0.172 0.1499 -0.202 -0.058
0.5423 -0.080 -0.172 -0.653 0.4476 0.0579 0.0797 -0.157 0.0776 0.0356
0.6972 0.4501 0.4239 -0.002 -0.058 -0.213 -0.168 -0.228 -0.013 0.0401
0.3938 0.0103 -0.136 -0.603 0.5263 0.0352 0.0571 -0.353 0.1307 0.1944
0.5598 -0.086 -0.145 -0.638 0.4453 0.0540 0.0440 -0.202 0.0685 0.0388
0.3302 0.2687 -0.194 0.1340 0.1499 0.6000 -0.576 0.1983 0.0876 0.0412
0.5220 -0.052 -0.166 -0.646 0.4586 0.0624 0.0725 -0.223 0.0857 0.0474
0.5259 -0.057 -0.175 -0.683 0.4140 -0.001 -0.016 -0.169 -0.024 0.1472
0.6815 -0.632 -0.094 0.0039 -0.219 0.0718 -0.012 -0.059 -0.261 0.0269
0.8025 0.3820 0.3702 -0.115 -0.073 -0.183 -0.035 0.1199 -0.005 -0.066
0.5999 -0.079 -0.123 -0.690 0.3449 0.0678 0.0735 -0.094 0.0642 0.0143
0.4814 0.0281 -0.071 -0.572 0.5175 0.0613 0.0359 -0.347 0.1979 0.0426
0.6534 -0.115 -0.073 -0.623 0.1576 0.0079 0.0654 0.2909 -0.159 -0.163
0.5382 0.4829 -0.360 0.3438 0.0212 0.4413 0.0041 -0.043 -0.131 -0.119
0.5338 -0.056 -0.170 -0.692 0.4092 4.1898 0.0038 -0.133 -0.015 0.1327
0.6004 -0.069 -0.156 -0.667 0.3797 0.0829 0.0763 -0.086 -0.011 -0.003
0.6698 0.3814 0.3454 -0.187 -0.088 -0.115 0.1638 0.3746 0.2168 0.1260
0.4222 0.0226 -0.054 -0.585 0.5373 0.0164 -0.019 -0.397 0.1617 0.0488
0.5835 -0.079 -0.197 -0.650 0.3995 0.0492 0.0601 -0.155 0.0109 0.0333
0.6655 0.4102 0.3499 -0.160 -0.105 -0.102 0.1818 0.3561 0.2235 0.0956
0.6764 -0.678 0.0641 0.2401 0.0139 0.0493 0.0277 -0.096 0.0718 -0.045
0.5806 0.2201 -0.721 -0.094 0.1591 0.0714 -0.148 0.0788 -0.153 -0.055
0.6573 0.3418 0.4787 0.0789 -0.114 -0.265 -0.245 -0.212 -0.156 0.0453
0.7945 0.2833 0.3387 -0.263 -0.003 -0.171 -0.070 0.2084 -0.010 -0.161
0.2876 0.2449 -0.177 0.1408 0.1401 0.5942 -0.613 0.2057 0.1023 0.0620
0.5965 0.5695 -0.069 0.2707 -0.067 0.2688 0.2922 -0.177 -0.210 0.0566
0.8392 0.4622 0.2490 -0.096 -0.027 -0.007 -0.012 -0.040 -0.035 0.0822
0.6191 -0.561 -0.159 -0.138 -0.402 0.1198 -0.077 -0.031 -0.267 0.0379
0.7699 0.3873 0.3834 -0.003 -0.116 -0.174 -0.081 0.0617 -0.005 -0.235
0.6300 -0.161 -0.175 -0.663 0.2884 0.0763 0.0701 -0.036 -0.086 0.0548
0.6175 -0.562 -0.156 -0.107 -0.295 0.0749 -0.068 0.0231 -0.395 0.1052
0.7055 -0.608 -0.017 0.0058 -0.152 0.0634 0.0402 -0.055 0.3022 0.0881
0.6658 -0.597 -0.076 -0.088 -0.288 0.1105 0.0623 -0.021 0.2292 0.1842
0.6758 0.4140 0.4544 -0.016 -0.089 -0.220 -0.160 -0.170 -0.129 0.1917
0.7168 -0.662 0.0110 0.1164 0.0318 0.0455 0.0566 -0.011 0.1160 0.1165
0.5574 0.1733 -0.693 -0.021 0.0991 0.0770 -0.323 0.2031 -0.128 0.0068
0.7224 0.3854 0.3195 -0.154 0.0255 -0.078 0.1716 0.1393 0.2156 0.3184
0.6972 -0.668 0.0144 0.1365 -0.036 0.0608 0.0514 -0.061 0.1554 0.1139
0.3998 0.0888 -0.756 0.0648 -0.015 -0.440 -0.227 0.0885 0.0038 0.0415
0.7134 0.4145 0.3878 -0.079 -0.076 -0.181 0.0783 0.2010 0.1916 0.2007
0.7642 -0.595 -0.084 -0.064 -0.109 0.0715 0.0536 0.0837 -0.024 0.1511
0.4338 0.0228 -0.157 -0.576 0.5112 0.0140 0.0498 -0.367 0.1265 0.1979
0.8973 0.2023 0.2312 0.1506 -0.012 -0.020 -0.070 -0.257 0.0683 -0.037
0.3063 0.1220 -0.723 0.1208 -0.003 -0.550 -0.191 0.0431 0.0904 0.0618
0.5619 0.3705 0.3212 -0.147 -0.123 -0.111 0.2313 0.3755 0.2590 0.3640
0.5162 -0.517 0.1849 0.4876 0.3948 -0.077 0.0597 -0.019 0.1353 -0.094
0.5883 0.3766 0.3075 -0.139 -0.113 -0.088 0.2508 0.3866 0.2539 0.3167
0.5090 -0.506 0.1782 0.4815 0.4335 -0.092 0.0594 0.0095 0.1094 -0.092
0.4814 -0.225 -0.210 -0.499 -0.220 -9.714 -0.046 0.3066 -0.525 -0.047
0.6077 0.5643 -0.161 0.2408 -0.055 0.3227 0.3436 0.0211 -0.029 0.0371
0.6019 0.3572 0.3268 -0.172 -0.098 -0.108 0.2195 0.3915 0.2667 0.2819
0.5734 0.3441 0.4468 0.0949 -0.109 -0.314 -0.271 -0.309 -0.192 0.1635
0.3838 0.0659 -0.721 0.0944 -0.019 -0.519 -0.186 0.0659 -0.023 0.0967
0.5947 0.5240 -0.270 0.3153 -0.054 0.1950 0.3191 -0.167 -0.161 -0.045
0.6391 0.5515 -0.153 0.2091 -0.018 0.2690 0.2242 -0.230 -0.206 0.0315
0.6029 0.5210 -0.437 0.3070 -0.004 0.0902 0.2172 -0.078 -0.068 -0.114
0.8006 0.5222 0.1285 0.0875 -0.011 0.0732 0.0259 -0.102 -0.045 -0.208
0.6835 -0.503 -0.088 -0.273 -0.413 0.1194 0.0268 -0.002 0.1008 -0.014
0.6809 -0.257 -0.114 -0.611 0.0562 0.0017 0.0233 0.2323 -0.146 -0.057
0.6215 -0.573 -0.016 0.1543 -0.305 0.1497 0.0104 -0.189 0.3249 -0.057
0.6008 0.5255 -0.420 0.3193 -0.023 0.0615 0.2480 -0.076 -0.054 -0.097
0.5917 0.5397 -0.254 0.2928 0.0254 0.3942 0.1372 -0.102 -0.147 -0.031
0.6403 0.3881 0.2849 -0.147 -0.090 -0.066 0.2531 0.3992 0.2668 0.1707
0.3799 -0.015 -0.094 -0.605 0.5321 0.0379 0.0553 -0.388 0.1731 0.1078
0.6149 0.5412 -0.228 0.2621 -0.029 0.2629 0.3104 -0.121 -0.134 -0.092
0.6779 0.3622 0.4464 -0.008 -0.144 -0.215 -0.044 0.0454 0.0880 0.3616
0.6922 0.3853 0.4643 0.0618 -0.152 -0.224 -0.121 -0.105 -0.108 0.2041
0.5903 0.5000 -0.198 0.1582 0.0142 0.3736 0.2816 0.0332 -0.129 -0.315
0.2694 0.1918 -0.151 0.0865 0.1586 0.5901 -0.639 0.2219 0.0938 0.1400
0.4401 -0.000 -0.075 -0.547 0.5441 0.0576 0.0388 -0.397 0.1874 0.0821
0.7950 0.3494 0.4086 0.0121 -0.092 -0.197 -0.095 0.0002 -0.050 -0.138
0.6217 -0.609 -0.080 -0.011 -0.299 0.1302 0.0500 -0.123 0.2714 0.1937
0.6891 -0.625 -0.060 0.0107 -0.251 0.0910 0.0380 -0.034 0.1780 0.1566
0.5633 0.5250 -0.298 0.3115 -0.065 0.2097 0.3147 -0.170 -0.208 -0.021
0.5339 0.4966 -0.283 0.3408 0.0299 0.4897 -0.008 -0.053 -0.121 -0.115
0.4221 0.0265 -0.077 -0.552 0.5447 0.0626 0.0212 -0.403 0.1783 0.1190
0.6315 -0.489 0.1427 0.3793 0.4121 -0.044 0.0819 0.1236 -0.053 -0.019
0.4468 0.1310 -0.695 0.0877 -0.012 -0.503 -0.151 0.0876 0.0887 0.0209
0.7392 0.4619 0.3612 -0.023 -0.026 -0.166 -0.134 -0.249 0.0127 0.0103
0.7113 -0.325 -0.102 -0.509 0.0589 -0.022 0.0349 0.2791 -0.186 0.0095
0.4050 0.1364 -0.712 0.1272 -0.008 -0.504 -0.149 0.0666 0.0964 0.0581
0.5477 0.3354 0.4501 0.0702 -0.045 -0.241 -0.316 -0.389 -0.235 0.1107
0.7866 0.3516 0.4183 -0.008 -0.108 -0.202 -0.107 0.0172 -0.034 -0.129
0.4043 0.1378 -0.701 0.1174 -0.008 -0.519 -0.154 0.0636 0.1081 0.0487
0.7146 0.4728 0.3739 -0.017 -0.038 -0.191 -0.147 -0.255 -0.010 0.0094
0.7305 -0.336 -0.112 -0.533 -0.092 0.0044 0.0183 0.2009 -0.056 -0.061
0.3839 -0.011 -0.113 -0.542 0.5480 0.0367 0.0319 -0.437 0.1856 0.1282
0.6614 -0.601 -0.009 0.1795 -0.248 0.1513 0.0194 -0.151 0.2439 -0.022
0.5884 0.1818 -0.684 -0.067 0.1059 0.1193 -0.198 0.1811 -0.216 -0.051
0.4054 0.2637 -0.672 0.2236 -0.013 -0.486 -0.114 -0.037 0.0969 0.0563
0.6291 -0.645 -0.043 0.0852 -0.245 0.1151 0.0702 -0.090 0.1894 0.2362
0.6055 -0.484 -0.182 -0.258 -0.373 0.1133 -0.049 -0.026 -0.376 0.0341
0.6457 -0.512 -0.117 -0.147 -0.219 0.0239 -0.060 0.0608 -0.465 0.1056
0.6931 -0.588 0.0228 0.1700 -0.246 0.1488 0.0176 -0.156 0.1865 -0.035
0.7697 0.3770 0.4263 -0.114 -0.108 -0.205 -0.033 0.0877 -0.028 0.0816
0.6247 -0.606 -0.098 -0.049 -0.356 0.1287 0.0471 -0.083 0.1888 0.2028
0.5605 0.4786 -0.280 0.3468 0.0464 0.4763 0.0154 -0.047 -0.099 -0.126
0.6759 -0.498 -0.130 -0.325 -0.372 0.0966 0.0439 0.1198 -0.081 -0.005
0.8463 0.2259 0.2705 -0.131 0.0705 -0.031 -0.083 -0.047 0.0786 -0.347
0.7800 -0.311 -0.100 -0.423 0.1803 0.0706 -0.027 0.1196 -0.217 -0.069
0.6631 -0.470 -0.134 -0.348 -0.414 0.1181 0.0151 0.0508 -0.099 0.0294
0.4341 0.2507 -0.742 0.1883 0.0242 -0.353 -0.173 -0.019 0.0781 0.0020
0.8407 0.2500 0.0220 -0.170 0.2712 0.1334 0.1382 0.1535 0.1295 -0.224
0.7686 -0.537 -0.050 -0.161 -0.266 0.0893 -0.016 0.0592 -0.016 -0.095
0.7405 0.3637 0.2565 0.0008 -0.082 -0.223 0.0332 0.3128 0.2725 -0.152
0.6314 -0.583 -0.147 -0.104 -0.303 0.0839 -0.067 0.0202 -0.341 0.0846
0.6923 0.4405 0.4110 -0.057 -0.086 -0.189 -0.172 -0.199 -0.163 0.1185
0.6227 -0.575 -0.147 -0.122 -0.384 0.1070 -0.071 -0.030 -0.277 0.0378
0.6454 -0.351 -0.109 -0.313 -0.101 0.0432 0.0404 0.3466 -0.463 0.0290
0.7389 -0.548 -0.004 0.1540 -0.223 0.0636 -0.017 -0.125 0.2421 -0.028
0.7406 0.3395 0.1486 -0.105 -0.049 -0.052 0.0503 0.4152 0.2347 -0.260
0.7090 0.0091 -0.009 -0.611 0.1698 0.0155 0.0439 0.1746 -0.085 -0.233
0.8374 -0.486 0.0894 0.0703 0.1165 -0.035 -0.078 0.1409 -0.088 -0.020
0.7322 -0.529 -0.064 -0.211 -0.309 0.0595 -0.038 0.0779 -0.161 -0.041
0.5167 0.2081 -0.705 0.1395 -0.014 -0.393 -0.044 0.0948 0.0769 -0.012
0.4951 0.4034 -0.656 0.2707 -0.019 -0.292 -0.000 -0.033 0.0311 0.0088
0.6940 -0.029 -0.048 -0.642 0.2346 0.0400 0.0763 0.1214 -0.076 -0.136
0.5132 0.3964 -0.660 0.2511 -0.021 -0.279 -0.007 -0.034 -0.000 0.0161
0.7373 -0.428 0.1308 0.2933 0.3588 -0.006 0.0573 0.1478 -0.074 -0.099
0.6655 0.2380 0.0352 -0.450 0.3687 0.0825 0.0525 -0.362 0.1405 0.0122
0.6551 0.2175 0.0127 -0.493 0.3746 0.0912 0.0455 -0.337 0.1207 -0.005
0.8930 0.1684 0.2343 0.1830 -0.017 -0.023 -0.059 -0.251 0.1297 0.0328
0.5542 0.2054 -0.005 -0.498 0.4330 0.1052 0.0548 -0.404 0.1905 0.0197
0.5074 -0.520 0.1983 0.4923 0.3928 -0.097 0.0547 -0.005 0.1289 -0.080
0.5664 -0.170 -0.262 -0.594 0.1829 0.0021 -0.060 0.1550 -0.395 -0.103
0.3214 0.1396 -0.737 0.1353 -0.005 -0.522 -0.157 0.0655 0.0989 0.0627
0.5417 0.5279 -0.211 0.2905 -0.036 0.3418 0.3259 -0.155 -0.217 0.0511
0.6608 0.5455 -0.317 0.1974 0.0517 0.1726 0.2082 -0.189 -0.089 -0.076
0.5137 0.4649 -0.228 0.3479 0.0350 0.4193 0.2404 -0.223 -0.233 -0.085
0.6364 -0.611 0.0413 0.2419 -0.224 0.0900 0.0157 -0.199 0.2418 -0.063
0.4805 -0.210 -0.181 -0.482 -0.284 0.0239 -0.050 0.3202 -0.521 -0.030
0.5506 -0.601 -0.056 0.0402 -0.346 0.1443 0.0413 -0.181 0.3561 0.1683
0.5406 0.5481 -0.154 0.3152 -0.047 0.2684 0.2284 -0.279 -0.281 -0.000
0.6633 0.5372 -0.293 0.1710 0.0904 0.2185 0.2276 -0.167 -0.056 -0.129
0.6272 0.5154 -0.206 0.2576 0.0376 0.4100 0.1728 -0.109 -0.131 -0.055
0.6384 -0.614 0.0237 0.2160 -0.167 0.0893 0.0585 -0.137 0.3313 -0.003
0.5662 0.4520 -0.542 0.2876 -0.072 -0.277 0.0067 -0.113 0.0535 0.0105
0.4861 -0.231 -0.209 -0.484 -0.257 -0.003 -0.041 0.3093 -0.516 -0.028
0.4861 -0.231 -0.209 -0.484 -0.257 -0.003 -0.041 0.3093 -0.516 -0.028
0.7190 -0.033 0.1053 -0.575 0.3258 -0.099 -0.059 0.0866 -0.052 0.0965
0.6354 0.2026 0.2075 -0.238 -0.015 -0.062 0.2068 0.5254 0.2887 -0.220
0.5640 -0.639 0.1039 0.4145 0.1413 0.0290 0.0451 -0.086 0.2417 -0.042
0.6103 0.5551 -0.311 0.3110 -0.011 0.1823 0.2862 -0.039 -0.045 -0.080
0.6377 0.3450 0.2782 -0.038 -0.168 -0.099 0.2247 0.1999 -0.000 0.5163
0.6020 0.5054 -0.088 0.2131 -0.046 0.2671 0.4766 0.1089 0.0757 -0.102
0.5733 -0.529 0.1559 0.4743 0.3317 -0.048 0.0503 -0.089 0.1191 -0.064
0.7900 0.3341 0.3210 0.2541 0.0466 -0.101 -0.160 -0.235 -0.048 -0.023
0.5675 0.5420 -0.190 0.3065 -0.005 0.3533 0.1798 -0.197 -0.217 0.1033
0.6403 0.4630 -0.249 0.1095 0.0812 0.3939 0.1410 0.1062 -0.029 -0.327
0.6121 -0.511 0.1799 0.4757 0.3056 -0.066 0.0272 -0.048 0.0611 -0.024
0.6976 0.0131 -0.153 -0.573 0.1752 0.0165 -0.041 -0.093 -0.285 0.1933
0.6065 0.3487 0.4454 0.0203 -0.094 -0.287 -0.319 -0.288 -0.154 -0.106
0.6317 0.4628 -0.058 0.1297 -0.031 0.2582 0.4044 0.2566 0.1936 -0.178
0.5743 -0.549 0.1532 0.4485 0.3685 -0.054 0.0510 0.0002 -0.008 -0.048
0.6696 -0.522 -0.074 -0.220 -0.440 0.1266 0.0197 -0.017 0.1143 -0.012
0.7177 -0.492 -0.046 -0.229 -0.377 0.1012 0.0333 0.0197 0.1815 -0.018
0.5584 0.0060 -0.161 -0.526 0.5089 0.1472 0.0102 -0.306 0.0955 -0.024
0.6260 0.5114 -0.284 0.3359 -0.056 0.1922 0.2549 -0.168 -0.095 -0.098
0.5693 0.4939 -0.270 0.3113 0.0194 0.3768 0.1751 -0.152 -0.185 -0.175
0.6401 0.4409 0.2777 -0.098 -0.100 -0.074 0.2439 0.3517 0.2778 0.1810
0.6307 -0.608 -0.082 0.0342 -0.329 0.0890 0.0172 -0.125 0.3032 -0.004
0.5296 -0.545 0.1639 0.4610 0.4169 -0.064 0.0539 0.0147 -0.018 -0.031
0.6075 0.5769 -0.057 0.2520 -0.071 0.2676 0.3380 -0.119 -0.149 0.0606
0.6866 0.5558 -0.212 0.1922 0.0277 0.2260 0.2365 -0.152 -0.077 -0.012
0.6465 0.3038 0.3959 -0.220 -0.088 -0.212 0.0546 0.3870 0.2802 0.0109
0.7164 0.3989 0.4399 0.0363 -0.191 -0.211 -0.083 -0.056 -0.137 0.1488
0.7225 0.4202 0.4495 0.0614 -0.176 -0.217 -0.072 -0.021 -0.056 0.0910
0.5971 0.5318 -0.298 0.2957 -0.061 0.1957 0.3253 -0.122 -0.143 0.0039
0.6407 0.3990 0.3696 0.0688 -0.123 -0.224 -0.195 -0.270 -0.228 0.2438
0.6385 0.2602 0.0906 -0.159 -0.107 -0.101 0.2624 0.5141 0.3531 -0.105
0.7210 -0.622 0.0919 0.2034 0.0076 0.0286 -0.015 -0.066 0.0795 -0.174
0.7115 -0.045 0.0738 -0.596 0.3124 -0.085 -0.034 0.1198 -0.032 0.0924
0.6568 -0.557 -0.076 -0.144 -0.456 0.1252 0.0043 -0.077 -0.014 0.0324
0.7247 -0.156 -0.031 -0.475 0.4330 0.0080 -0.053 0.0991 -0.020 -0.148
0.7776 0.1781 0.3481 0.2142 -0.044 -0.183 -0.196 -0.337 -0.088 -0.019
0.6491 0.3911 0.3764 0.0092 -0.090 -0.277 -0.263 -0.276 -0.140 -0.182
0.3440 0.3128 -0.114 0.1829 0.1078 0.5802 -0.580 0.1594 0.0702 0.1471
0.6473 -0.183 -0.134 -0.634 0.0104 0.0059 0.0125 0.3353 -0.109 -0.041
0.5422 -0.578 0.1418 0.4227 0.3824 -0.079 0.0486 0.0833 -0.102 0.0225
0.7105 0.2740 0.3552 -0.263 -0.037 -0.179 -0.003 0.3449 0.1671 -0.208
0.5891 -0.242 -0.164 -0.583 -0.082 0.0487 -0.043 0.3008 -0.349 -0.058
0.6308 0.3750 0.3973 0.0172 -0.079 -0.253 -0.273 -0.275 -0.136 -0.250
0.5911 0.3635 0.5018 0.0090 -0.137 -0.297 -0.309 -0.209 -0.135 -0.021
0.5343 -0.478 0.1662 0.4549 0.4641 -0.108 0.0297 0.0762 -0.131 -0.009
0.5844 0.5612 -0.111 0.1837 -0.040 0.3501 0.3844 0.1146 0.0244 -0.106
0.6797 0.5426 -0.154 0.1890 0.0034 0.2444 0.3354 -0.060 -0.011 -0.088
0.7132 -0.616 0.1006 0.2219 -0.001 0.0237 -0.023 -0.106 0.0730 -0.184
0.6602 -0.032 0.0319 -0.515 -0.005 -0.121 -0.018 0.4935 -0.040 -0.189
0.7242 -0.511 -0.081 -0.257 -0.338 0.0787 0.0376 0.0954 0.0987 -0.008
0.6812 -0.148 -0.030 -0.546 -0.072 0.0218 0.0918 0.4149 -0.014 -0.166
0.6718 0.4181 0.3790 0.0304 -0.098 -0.210 -0.201 -0.292 -0.195 -0.103
0.6816 -0.477 -0.125 -0.280 -0.423 0.1127 -0.003 0.0618 -0.048 -0.121
0.7053 0.5405 -0.295 0.2396 -0.043 0.0244 0.1660 -0.119 -0.136 -0.053
0.6528 0.5419 -0.337 0.2377 -0.093 -0.114 0.1569 -0.134 -0.009 0.2119
0.5966 0.3553 0.3774 0.0768 -0.126 -0.219 -0.230 -0.306 -0.272 0.2887
0.7291 -0.165 -0.052 -0.460 0.3929 -0.012 -0.063 0.1581 -0.086 -0.187
0.6682 -0.424 -0.210 -0.364 -0.277 0.0266 -0.059 0.1598 -0.290 -0.067
0.3538 0.0008 -0.097 -0.573 0.5490 0.0390 0.0237 -0.418 0.2139 0.1096
0.3988 0.0201 -0.074 -0.573 0.5244 0.0308 0.0934 -0.388 0.2419 0.1106
0.5811 -0.602 -0.054 0.0269 -0.343 0.1486 0.0614 -0.144 0.3135 0.1790
0.6438 -0.597 -0.036 0.0513 -0.301 0.1091 0.0551 -0.109 0.2425 0.2192
0.3629 -0.023 -0.103 -0.588 0.5454 0.0337 0.0211 -0.407 0.1840 0.1107
0.5616 0.5559 -0.303 0.3109 -0.081 0.1188 0.3262 -0.136 -0.128 0.1564
0.5886 -0.073 -0.157 -0.696 0.3321 -0.021 -0.008 -0.033 -0.052 0.1508
0.6300 0.4802 0.4475 -0.007 -0.168 -0.208 -0.106 -0.071 -0.068 0.2813
0.6054 0.4837 -0.450 0.3238 -0.058 0.0487 0.2588 -0.090 -0.099 -0.027
0.5541 -0.163 -0.106 -0.657 0.3764 0.0122 0.0083 -0.234 0.0862 0.1355
0.7502 0.0509 0.0699 -0.550 0.2879 -0.022 -0.047 0.1041 -0.037 0.1680
0.6449 -0.014 -0.066 -0.568 0.4294 0.0367 0.1200 -0.094 0.2091 -0.057
0.3964 0.0402 -0.039 -0.542 0.5261 0.0533 0.0678 -0.424 0.2392 0.1532
0.6154 -0.062 -0.179 -0.576 0.3974 0.1185 0.0557 -0.257 -0.078 0.0751
0.5825 -0.150 -0.251 -0.546 0.1386 0.0131 -0.074 0.1773 -0.447 -0.139
0.3468 0.0382 -0.059 -0.526 0.5387 0.0577 0.0732 -0.468 0.2390 0.1482
0.4405 -0.018 -0.084 -0.591 0.5164 0.0482 0.0216 -0.378 0.1529 0.1096
0.5919 -0.421 -0.213 -0.329 -0.276 0.0275 -0.050 0.1172 -0.466 0.0802
0.7276 0.4061 0.3236 0.1610 -0.005 -0.073 -0.217 -0.284 -0.008 -0.202
0.6397 -0.645 0.0845 0.3384 0.0556 0.0198 0.0256 -0.111 0.1867 -0.033
0.7640 -0.307 -0.001 -0.443 0.3344 -0.034 0.0436 0.0707 0.0518 0.0467
0.7447 0.3795 0.3758 0.1275 -0.013 -0.131 -0.220 -0.274 -0.010 -0.050
0.5370 -0.176 -0.141 -0.672 0.3523 0.0354 -0.007 -0.255 -0.037 0.1270
0.6239 -0.151 -0.162 -0.543 0.0112 -0.029 0.0054 0.4433 -0.229 -0.124
0.6499 -0.627 -0.098 0.0229 -0.314 0.1022 0.0567 -0.058 0.1249 0.2048
0.6525 0.5689 -0.259 0.2614 -0.033 0.1586 0.2636 -0.096 -0.087 -0.047
0.5874 0.2829 0.0558 -0.272 0.4158 0.1155 0.0601 -0.533 0.0720 0.1320
0.7766 -0.138 -0.020 -0.456 0.3214 0.0241 0.1117 0.1842 0.1299 -0.040
0.6662 -0.516 0.0912 0.3362 0.3830 -0.083 -0.001 0.0649 -0.088 -0.047
0.7325 0.5680 0.1853 0.1323 -0.092 0.0583 0.1271 -0.143 -0.107 0.1685
0.5694 0.3729 -0.662 0.1799 -0.034 -0.145 0.0543 0.0942 0.0648 -0.162
0.6540 -0.677 -0.024 0.1502 -0.120 0.0542 0.0642 0.0058 0.0524 0.2569
0.5983 0.0457 -0.032 -0.622 0.4045 0.0448 0.1062 -0.125 0.1756 0.1681
0.7279 -0.403 0.1977 0.1358 0.3897 -0.054 -0.031 0.2318 -0.028 -0.197
0.5515 0.4694 -0.201 0.2496 0.0728 0.5710 -0.168 -0.013 -0.089 0.0646
0.8192 -0.234 0.1470 -0.139 0.2917 0.0268 -0.068 -0.018 0.1350 -0.351
0.5684 -0.602 0.1530 0.4286 0.3094 -0.043 0.0427 0.0280 -0.029 -0.070
0.6926 0.1561 0.2988 -0.256 -0.020 -0.148 0.0408 0.4480 0.2072 -0.270
0.6432 -0.544 0.1503 0.3914 0.3230 -0.012 0.0518 0.0419 -0.059 -0.044
0.6778 -0.582 -0.071 -0.034 -0.378 0.1462 -0.024 -0.110 0.1255 -0.044
0.8586 0.2116 0.2596 -0.293 -0.059 -0.137 -0.011 0.1756 0.1009 -0.029
0.7609 0.4562 0.3910 -0.107 -0.042 -0.141 -0.109 -0.103 -0.056 0.0275
0.5000 0.2636 -0.735 0.1746 0.0584 -0.294 -0.104 -0.063 0.0330 -0.057
0.7438 0.2661 0.2086 -0.388 0.0021 -0.145 -0.104 0.1031 -0.082 -0.363
0.8028 0.5076 0.0801 0.0502 -0.035 0.1629 0.2340 0.0737 0.0250 0.0069
0.6630 0.4504 -0.157 0.0400 0.0127 0.3154 0.3132 0.1429 -0.054 -0.331
0.8309 0.4420 0.2060 -0.252 0.0121 0.0333 0.0677 0.0330 -0.007 0.0321
0.7525 0.4317 0.2677 0.1885 -0.000 -0.020 -0.183 -0.279 -0.013 -0.166
0.8378 -0.268 0.1149 -0.044 0.2887 -0.023 -0.071 -0.045 0.1534 -0.310
0.6741 -0.527 0.1666 0.2743 0.3052 -0.051 0.0411 0.0478 0.0997 -0.232
0.6156 0.4083 0.3497 -0.089 -0.112 -0.114 0.2249 0.3252 0.2651 0.2670
0.7080 -0.596 -0.005 0.1059 -0.131 0.0630 0.0844 -0.030 0.1376 0.2889
0.5985 0.1712 0.0531 -0.459 0.4584 0.0200 -0.042 -0.408 0.1390 -0.011
0.8079 0.4457 0.2281 -0.163 0.0399 -0.004 -0.069 -0.129 -0.076 -0.201
0.6233 -0.611 -0.143 -0.089 -0.336 0.0817 -0.042 -0.040 -0.285 0.0570
0.7140 0.4893 0.4298 -0.091 -0.080 -0.186 -0.078 -0.097 -0.008 -0.020
0.6499 0.4067 -0.305 -0.120 0.2488 0.2992 0.2022 -0.137 -0.032 -0.302
0.6492 0.4516 0.2485 0.1166 0.0025 0.1874 -0.490 0.0635 0.0965 -0.097
0.6878 0.4657 0.2981 -0.029 -0.101 -0.044 0.2532 0.2624 0.2138 0.1708
0.6797 -0.467 -0.164 -0.382 -0.348 0.1342 0.0269 -0.056 -0.031 0.0300
0.6998 -0.638 0.0458 0.1777 -0.076 0.0558 -0.006 -0.182 0.1390 -0.087
0.7036 -0.163 -0.083 -0.454 0.0609 -0.018 0.0450 0.3914 -0.278 -0.165
0.6285 -0.619 -0.099 -0.051 -0.229 0.0437 -0.033 0.0097 -0.375 0.1096
0.6166 0.4755 0.2612 0.1369 -0.020 0.1152 -0.533 -0.019 0.0474 -0.074
0.6509 -0.112 -0.157 -0.687 0.2239 0.0258 0.0585 -0.077 0.0650 0.0387
0.7274 -0.608 -0.042 -0.094 -0.275 0.0986 0.0097 -0.057 -0.022 -0.012
0.7723 -0.404 0.1857 0.1630 0.3572 -0.045 -0.050 0.1526 0.0104 -0.153
0.6367 0.5266 0.3114 0.1182 -0.116 -0.095 -0.111 -0.341 -0.226 0.0601
0.8261 -0.459 0.1428 0.0987 0.1864 0.0015 -0.064 0.0826 0.0837 -0.153
0.7656 -0.570 0.0584 0.2123 0.1533 0.0134 -0.018 0.0330 -0.000 -0.119
0.7306 -0.503 0.1996 0.3171 0.2103 -0.083 -0.000 0.0153 -0.112 0.0873
0.6611 0.2996 -0.489 0.0364 0.0057 -0.282 -0.054 0.2426 0.1779 -0.242
0.6421 0.2725 -0.553 0.0544 0.0053 -0.284 -0.068 0.2440 0.1410 -0.197
0.1990 0.1722 -0.094 0.0997 0.1298 0.5592 -0.682 0.2453 0.1320 0.1963
0.4326 -0.181 -0.186 -0.490 -0.252 -0.004 -0.028 0.3241 -0.578 -5.326
0.3986 -0.448 0.2048 0.5319 0.5335 -0.113 0.0726 0.0649 0.0298 -0.084
0.3343 0.0404 -0.106 -0.530 0.5485 0.0988 0.0598 -0.435 0.2835 0.1011
0.6268 -0.589 0.0089 0.2397 -0.236 0.1252 0.0364 -0.212 0.2890 -0.004
0.5273 0.5005 -0.348 0.3433 0.0019 0.3189 0.2287 -0.169 -0.193 -0.109
0.5160 0.4702 -0.388 0.3259 -0.025 0.2620 0.2079 -0.235 -0.262 -0.134
0.4945 -0.161 -0.277 -0.612 0.1425 -0.016 -0.052 0.1983 -0.453 -0.096
0.6025 0.5679 -0.115 0.2114 -0.046 0.2941 0.4084 0.0261 0.0057 -0.007
0.5466 -0.156 -0.250 -0.614 0.1783 -0.003 -0.052 0.1700 -0.404 -0.098
0.4871 0.4842 -0.296 0.2711 0.0386 0.4477 0.2923 -0.133 -0.178 -0.173
0.5496 0.5809 -0.164 0.2852 -0.028 0.2735 0.2790 -0.218 -0.224 -0.021
0.4860 -0.533 0.1664 0.4355 0.4408 -0.067 0.0656 0.1299 -0.202 0.0134
0.5246 0.4979 -0.280 0.3545 0.0100 0.3847 0.1393 -0.236 -0.219 -0.027
0.6040 -0.538 0.1931 0.4159 0.3478 -0.081 0.0468 0.0450 -0.039 0.0426
0.3930 -0.087 -0.566 0.3531 0.1839 -0.556 -0.189 0.0709 0.0064 0.0890
0.5461 -0.640 0.0746 0.3980 0.0512 0.0510 0.0682 -0.147 0.3099 0.0070
0.6059 0.5220 -0.246 0.2334 0.0902 0.3239 0.2073 -0.231 -0.146 -0.116
0.6039 -0.612 0.1192 0.3858 0.2730 -0.028 0.0284 0.0012 0.1407 0.0250
0.5284 -0.537 0.1408 0.4003 0.4237 -0.076 0.0595 0.1243 -0.191 0.1008
0.6034 -0.265 -0.134 -0.650 0.1197 -0.003 -0.005 0.2745 -0.174 0.0627
0.5338 0.2885 0.4171 0.0650 -0.124 -0.280 -0.297 -0.337 -0.304 0.2542
0.5620 0.5231 -0.356 0.3427 -0.078 0.1324 0.2337 -0.184 -0.225 0.0477
0.5772 -0.503 -0.116 -0.185 -0.496 0.1312 -0.032 -0.091 -0.294 0.0695
0.6851 -0.424 0.1812 0.4299 0.3078 -0.067 -0.006 -0.152 0.0746 -0.068
0.6697 0.5188 -0.223 0.1586 0.1027 0.1927 0.2157 -0.297 -0.157 -0.007
0.5846 0.3733 0.4251 0.1012 -0.113 -0.282 -0.232 -0.313 -0.208 0.1989
0.8376 0.4301 0.3027 -0.065 -0.010 -0.005 -0.063 -0.035 -0.083 -0.071
0.6511 0.5086 -0.242 0.1980 0.0116 0.3143 0.2982 -0.087 -0.030 -0.150
0.7243 -0.622 -0.039 0.0483 -0.220 0.0912 0.0016 -0.114 0.1165 -0.007
0.6307 -0.581 -0.059 -0.050 -0.442 0.1194 -0.050 -0.160 0.1070 -0.092
0.4571 -0.516 0.1870 0.4914 0.4825 -0.094 0.0518 0.0489 -0.017 -0.008
0.6131 -0.500 0.1455 0.4827 0.3047 -0.055 0.0518 -0.051 0.1109 -0.078
0.6363 0.2985 0.4480 -0.100 -0.061 -0.276 -0.217 0.0612 0.1183 -0.387
0.4769 0.2965 -0.709 0.1513 0.0083 -0.362 -0.041 0.0728 0.1051 -0.089
0.7868 0.3813 0.3342 -0.054 0.0142 -0.062 -0.210 -0.125 -0.117 -0.207
0.4057 0.0679 -0.749 0.1093 -0.013 -0.461 -0.151 0.0694 -0.067 0.1057
0.6115 0.5899 -0.064 0.2151 -0.089 0.2471 0.3911 -0.020 -0.054 -0.045
0.4767 -0.468 0.2106 0.4855 0.5001 -0.114 0.0611 0.0484 -0.011 -0.057
0.5569 0.5159 -0.385 0.3343 -0.045 0.1356 0.2140 -0.211 -0.228 0.0104
0.3137 0.3132 -0.195 0.2362 0.1151 0.6438 -0.503 0.1337 0.0290 0.0963
0.5540 0.0097 -0.092 -0.671 0.4218 0.0341 0.0835 -0.118 0.1805 0.0126
0.6702 -0.486 -0.072 -0.164 -0.398 0.1428 0.0694 -0.030 0.2811 0.1317
0.6569 0.4087 0.3319 0.0678 0.0155 -0.202 -0.278 -0.217 -0.012 -0.346
0.5280 0.5181 -0.192 0.3371 -0.015 0.4124 0.2079 -0.186 -0.208 -0.100
0.3716 0.1748 -0.697 0.1405 -0.021 -0.530 -0.164 0.0463 0.0834 0.0864
0.6046 -0.443 0.1547 0.4965 0.3966 -0.052 0.0803 -0.003 -0.016 -0.027
0.6966 0.0185 -0.015 -0.455 -0.128 0.0018 0.0521 0.4488 -0.232 -0.178
0.5452 -0.163 -0.224 -0.602 0.1878 0.0300 -0.050 0.1563 -0.419 -0.154
0.5998 -0.536 0.1909 0.4740 0.2320 -0.060 -0.001 -0.113 0.1187 -0.083
0.7285 -0.628 0.0182 0.0669 -0.174 0.0611 -0.009 -0.160 0.0826 -0.053
0.3907 0.0147 -0.110 -0.647 0.4990 0.0807 0.0836 -0.328 0.1986 0.0789
0.5969 -0.482 0.1370 0.2536 0.5046 -0.102 0.0731 0.2242 -0.027 -0.076
0.6373 -0.344 -0.159 -0.386 -0.230 0.0103 -0.102 0.0508 -0.480 0.0527
0.6591 -0.147 -0.238 -0.580 0.1116 -0.022 -0.035 0.2317 -0.284 0.0359
0.3905 0.0956 -0.728 0.0607 0.0216 -0.507 -0.171 0.0912 0.0917 -0.012
0.5321 0.5007 -0.343 0.3617 0.0088 0.2890 0.2106 -0.194 -0.223 -0.035
0.3663 0.1324 -0.737 0.1103 0.0015 -0.493 -0.185 0.0615 0.0742 0.0713
0.6517 -0.573 0.0373 0.3726 0.2570 -0.090 0.0201 -0.071 0.1610 -0.005
0.6017 0.5734 -0.159 0.2738 -0.101 0.1511 0.3094 -0.157 -0.211 0.0998
0.5383 0.5195 -0.226 0.3408 -0.012 0.3132 0.1368 -0.273 -0.283 0.0184
0.6054 0.4577 0.3228 0.0303 -0.130 -0.071 0.0534 -0.115 -0.150 0.5076
0.5732 0.5793 -0.147 0.3128 -0.068 0.3397 0.2682 -0.041 -0.139 -0.051
0.6673 -0.147 -0.193 -0.612 0.1537 -0.046 -0.009 0.2581 -0.141 0.0870
0.5348 -0.544 0.1658 0.4995 0.3311 -0.058 0.0627 -0.044 0.0964 -0.108
0.6150 0.4556 0.4871 0.0499 -0.141 -0.258 -0.238 -0.164 -0.005 -0.055
0.6010 -0.522 0.1111 0.3095 0.4379 -0.098 0.0710 0.2038 -0.067 -0.073
0.5911 -0.464 0.1776 0.4819 0.4015 -0.079 0.0351 -0.029 -0.005 -0.034
0.4570 -0.490 0.1719 0.4044 0.5027 -0.098 0.0788 0.1930 -0.221 0.0475
0.5670 -0.475 0.1615 0.4898 0.4210 -0.064 0.0654 0.0105 -0.014 -0.004
0.6854 -0.142 -0.112 -0.620 0.3231 0.0079 0.0190 0.0465 0.0718 -0.022
0.6708 -0.648 0.0903 0.3269 0.0879 0.0338 0.0285 -0.049 0.0097 0.0506
0.5844 0.4623 -0.469 0.2909 -0.085 -0.308 -0.006 -0.179 -0.031 0.0608
0.6533 0.5271 -0.310 0.2100 -0.070 0.0730 0.3639 0.0484 -0.009 -0.099
0.6084 -0.510 0.1098 0.2971 0.4501 -0.091 0.0637 0.2056 -0.080 -0.072
0.4841 -0.490 0.2040 0.4707 0.4803 -0.095 0.0832 0.1134 0.0081 -0.043
0.6025 -0.256 -0.164 -0.519 -0.227 0.0221 -0.045 0.2897 -0.366 -0.041
0.4945 0.3723 0.3128 -0.100 -0.132 -0.123 0.2382 0.2715 0.2223 0.5440
0.5157 -0.380 0.1891 0.4851 0.5246 -0.129 0.0262 0.0066 0.0382 -0.156
0.5909 -0.529 -0.152 -0.111 -0.520 0.1430 -0.063 -0.142 -0.093 0.1023
0.6637 -0.626 -0.064 0.0224 -0.287 0.1232 0.0138 -0.197 0.1461 -0.060
0.6252 -0.367 0.1997 0.4531 0.4031 -0.111 -0.011 -0.052 0.0812 -0.211
0.5801 -0.520 0.1455 0.4594 0.3758 -0.085 0.0391 0.0439 -0.089 0.0083
0.6981 0.4267 0.3779 -0.031 -0.238 -0.147 0.0904 0.1532 0.0897 0.2614
0.6334 -0.616 -0.143 -0.030 -0.396 0.0850 0.0064 -0.084 0.1599 0.0042
0.5758 0.3667 0.3089 -0.088 -0.186 -0.099 0.2556 0.2994 0.2122 0.4310
0.5865 0.5593 -0.091 0.2645 -0.045 0.3495 0.2819 -0.134 -0.206 0.0085
0.6242 0.5581 -0.100 0.2363 0.0104 0.3296 0.1090 -0.229 -0.243 -0.004
0.5617 0.3663 0.4693 0.0083 -0.110 -0.292 -0.281 -0.298 -0.191 0.1647
0.6125 0.3875 0.3807 0.1065 -0.074 -0.270 -0.251 -0.352 -0.217 0.0692
0.7012 0.4057 0.1518 -0.070 -0.056 0.0573 0.1738 0.3152 0.1944 -0.376
0.5576 0.5128 -0.299 0.2560 0.0754 0.4959 0.0584 -0.060 -0.105 0.0254
0.6311 -0.504 -0.035 -0.050 -0.382 0.1405 0.0685 -0.097 0.2982 0.2727
0.4918 -0.442 0.1471 0.3739 0.5604 -0.102 0.0567 0.1447 -0.227 -0.011
0.5919 0.3191 0.4543 -0.030 -0.076 -0.275 -0.288 -0.055 0.0629 -0.410
0.7921 0.2476 0.2427 -0.274 0.0505 -0.030 0.1886 0.3233 0.1828 0.0036
0.7436 0.2786 0.3720 0.0156 -0.036 -0.249 -0.275 -0.227 -0.133 -0.147
0.6995 0.4139 -0.285 0.0764 0.0855 0.3432 0.0780 0.1645 -0.010 -0.305
0.6048 -0.166 -0.250 -0.600 0.0804 -0.038 -0.066 0.2322 -0.341 -0.005
0.7094 -0.587 0.1678 0.3017 0.1471 -0.048 -0.024 -0.037 -0.008 -0.077
0.6091 -0.553 -0.104 -0.030 -0.406 0.0983 0.0255 -0.135 0.3231 0.1072
0.6776 -0.053 0.1009 -0.561 0.3643 -0.069 -0.049 -0.086 0.0788 0.2421
0.5047 -0.506 0.1822 0.4749 0.4517 -0.101 0.0648 0.0823 -0.059 0.0276
0.5436 0.2455 -0.709 0.1510 0.0445 -0.275 -0.145 0.0822 0.0318 -0.102
0.6298 0.4329 0.3939 0.1011 -0.106 -0.190 -0.227 -0.296 -0.204 -0.144
0.7214 -0.592 -0.108 -0.097 -0.286 0.0977 -0.003 -0.041 -0.108 -0.036
0.7212 -0.572 0.0487 0.1061 -0.182 0.0979 0.0305 -0.117 0.2839 0.0093
0.6613 0.5606 -0.059 0.1875 -0.066 0.2496 0.3632 -0.055 -0.073 0.0478
0.5251 0.4071 0.4780 0.0596 -0.172 -0.301 -0.245 -0.269 -0.174 0.2048
0.4256 -0.089 -0.148 -0.637 0.4877 0.0596 0.0520 -0.287 0.1991 0.1256
0.5872 -0.549 0.1335 0.4102 0.3913 -0.062 0.0264 0.0724 -0.057 0.0283
0.6959 0.4974 -0.132 0.2261 0.0222 0.3122 0.2422 -0.016 -0.065 -0.195
0.6153 -0.558 0.1418 0.3058 0.4008 -0.053 0.0599 0.1096 0.0228 -0.127
0.6573 -0.383 -0.131 -0.326 -0.337 0.0391 -0.105 -0.025 -0.408 0.0517
0.5871 0.3428 0.3505 -0.153 -0.110 -0.159 0.1852 0.4106 0.3257 0.2114
0.6102 -0.116 -0.171 -0.490 -0.057 -0.017 0.0319 0.4396 -0.306 -0.229
0.6326 -0.146 -0.251 -0.619 0.2062 -0.054 -0.028 0.1647 -0.237 0.0397
0.5908 -0.664 0.0976 0.3854 0.0348 0.0389 0.0424 -0.117 0.1823 -0.006
0.7081 0.4688 -0.181 0.0434 0.2107 0.2232 0.1637 -0.349 -0.019 -0.025
0.6929 0.5258 -0.400 0.2073 -0.008 0.0745 0.1171 0.1078 0.0846 -0.036
0.6039 0.5458 -0.318 0.2931 -0.076 0.0682 0.2266 -0.171 -0.231 0.0683
0.6719 0.4632 0.1929 -0.067 -0.000 0.0656 0.1410 0.1408 0.1142 -0.484
0.6283 -0.542 -0.122 -0.107 -0.420 0.0744 -0.026 -0.086 -0.286 0.1113
0.6878 -0.557 -0.041 0.0976 -0.241 0.1603 -0.055 -0.193 0.2558 -0.121
0.6390 0.1567 -0.081 -0.412 0.4738 0.1615 0.1394 -0.331 0.0898 0.0412
0.4389 -0.505 0.1750 0.5271 0.4734 -0.079 0.0745 0.0532 0.0181 -0.062
0.6505 -0.502 -0.040 0.0557 -0.268 0.1737 0.0401 -0.217 0.3862 0.1386
0.8033 0.4427 0.0285 -0.104 0.1677 0.1731 0.1882 0.0100 0.1543 -0.171
0.4346 -0.503 0.1797 0.5216 0.4839 -0.088 0.0639 0.0508 -0.006 -0.069
0.6485 -0.519 -0.110 -0.107 -0.373 0.1692 -0.070 0.0567 -0.307 0.1210
0.5915 0.5388 -0.380 0.2880 0.0107 0.3032 0.1982 -0.000 -0.003 -0.013
0.7299 0.3236 0.4411 0.0761 -0.100 -0.288 -0.200 -0.061 0.0656 -0.141
0.5080 -0.472 0.1345 0.4024 0.5011 -0.069 0.0799 0.1713 -0.215 0.0218
0.6723 -0.569 0.1250 0.2822 -0.144 0.0198 -0.056 -0.205 0.2257 -0.103
0.4707 -0.022 -0.132 -0.697 0.4612 0.0406 0.0398 -0.232 0.0534 0.0237
0.7607 -0.537 0.0451 0.1703 -0.086 0.0274 -0.079 -0.059 0.1437 -0.249
0.5752 -0.607 0.1006 0.3585 0.3051 -0.028 0.0610 0.0981 -0.178 0.1493
0.5890 0.5248 -0.131 0.2048 -0.104 0.1869 0.4042 -0.067 -0.087 0.3111
0.6178 -0.609 0.1456 0.3950 0.2023 -0.020 0.0319 -0.057 0.1138 -0.104
0.7191 -0.582 0.0314 0.1276 0.1310 0.0457 0.1587 0.1237 0.1676 0.1971
0.7733 0.3233 0.3163 -0.174 -0.049 -0.152 0.0859 0.3347 0.1116 -0.094
0.7431 -0.024 -0.041 -0.438 -0.066 0.0030 0.0389 0.3856 -0.258 -0.177
0.7266 -0.091 0.0896 -0.549 0.3065 -0.079 -0.051 0.1199 -0.033 0.1865
0.7859 0.3401 0.4202 -0.023 -0.063 -0.142 -0.180 -0.063 0.0194 -0.167
0.6192 -0.480 -0.185 -0.288 -0.208 0.0769 -0.053 0.0751 -0.449 0.0899
0.7475 -0.604 -0.109 -0.028 -0.218 0.0740 0.0060 -0.047 -0.068 -0.044
0.6910 -0.355 0.2017 0.1785 0.4400 -0.064 -0.041 0.2383 0.0122 -0.258
0.5383 -0.504 0.1947 0.3821 0.4684 -0.138 0.0332 0.1547 -0.055 -0.070
0.6414 -0.074 -0.083 -0.623 0.0821 0.0497 0.0772 0.3360 -0.176 -0.168
0.7808 0.4623 0.3828 0.0096 -0.128 -0.077 0.0209 0.0454 -0.007 0.0679
0.4210 0.3847 -0.101 0.2357 0.0767 0.5637 -0.472 0.0983 -0.003 0.2292
0.7058 -0.269 -0.045 -0.471 -0.243 0.0224 -0.005 0.2455 -0.281 -0.074
0.5932 -0.621 0.0405 0.1313 -0.171 0.0946 0.0846 -0.070 0.3894 0.2027
0.5862 -0.524 -0.086 -0.048 -0.368 0.1640 0.0545 -0.138 0.3680 0.2268
0.7353 -0.592 -0.070 -0.094 -0.255 0.0627 -0.033 -0.023 -0.152 -0.023
0.5862 0.5282 -0.222 0.2592 -0.143 -0.118 0.2432 -0.105 -0.019 0.3937
0.5169 0.1430 -0.474 -0.363 0.4488 0.2020 0.0054 -0.329 0.0602 0.0304
0.6848 0.3725 0.3588 -0.044 -0.021 -0.115 -0.262 -0.160 -0.036 -0.389
0.6668 0.5374 -0.222 0.2352 -0.029 0.2105 0.2217 -0.042 -0.014 -0.254
0.5304 -0.497 0.1562 0.4713 0.4554 -0.067 0.0736 0.0639 -0.010 -0.056
0.5658 -0.552 0.1346 0.4312 0.3742 -0.047 0.1020 0.1194 -0.048 -0.029
0.7695 -0.602 -0.006 0.0555 -0.154 0.0975 0.0525 0.0438 0.0256 0.0547
0.7220 -0.529 -0.098 -0.006 -0.335 0.0994 0.0120 -0.173 -0.071 0.1746
0.6222 0.3195 0.3512 -0.047 -0.003 -0.156 -0.279 -0.143 -0.011 -0.511
0.7133 -0.159 -0.111 -0.531 0.0245 -0.018 -0.006 0.3810 -0.095 -0.125
0.6517 -0.615 0.0682 0.2451 -0.086 0.0733 0.0742 -0.101 0.3126 0.0732
0.7717 -0.579 -0.154 -0.027 -0.100 0.0078 -0.096 -0.033 0.1141 -0.102
0.5037 -0.519 0.2064 0.4765 0.4239 -0.075 0.0721 0.0902 -0.083 0.0358
0.5316 -0.489 0.2060 0.4625 0.4307 -0.094 0.0406 0.0645 -0.106 -0.096
0.8307 0.0410 0.3928 0.0265 0.0004 -0.260 -0.188 0.0731 0.1297 -0.165
0.5747 -0.419 0.2505 0.4646 0.4077 -0.140 -0.013 -0.044 0.0745 -0.146
0.8543 0.3138 0.3683 -0.030 -0.071 -0.095 -0.116 -0.052 -0.065 0.0057
0.6476 -0.492 0.0631 0.0095 0.3599 -0.051 -0.036 0.2588 -0.358 0.0679
0.3878 -0.072 -0.187 -0.677 0.4889 0.0191 0.0048 -0.313 -0.074 0.0849
0.5959 -0.271 -0.185 -0.551 -0.082 0.0350 -0.040 0.2211 -0.411 -0.069
0.7085 -0.671 0.0335 0.1502 -0.023 0.0744 0.0533 -0.102 0.0461 0.0409
0.6055 0.5750 -0.334 0.3294 0.0012 0.0432 0.1634 -0.202 -0.110 -0.007
0.6528 0.3335 0.4426 -0.078 -0.062 -0.276 -0.231 0.0464 0.0555 -0.347
0.7564 0.3760 0.4006 -0.046 0.0157 -0.140 -0.207 0.0003 0.0957 -0.226
0.6491 -0.503 -0.045 -0.078 0.2933 -0.011 -0.097 0.1770 -0.434 0.0325
0.7189 0.3812 0.3426 0.1742 -0.021 -0.111 -0.245 -0.294 0.0053 -0.172
0.7220 0.2167 0.4232 0.1231 -0.123 -0.265 -0.215 -0.315 -0.062 0.0468
0.6280 -0.080 -0.096 -0.634 0.0794 0.0315 0.0618 0.3510 -0.150 -0.174
0.7972 -0.029 0.2056 -0.233 0.0138 -0.113 -0.291 -0.071 -0.097 -0.392
0.5860 -0.602 -0.035 0.0875 -0.273 0.1387 0.0643 -0.170 0.3379 0.2075
0.6653 0.4920 -0.342 0.1103 0.0103 0.1189 0.2538 0.1629 -0.003 -0.283
0.5987 0.4457 -0.223 0.1565 0.0946 0.5542 0.0106 0.1517 0.0121 -0.170
0.8144 -0.336 0.1442 -0.061 0.3575 -0.018 0.0498 0.1513 0.1417 -0.158
0.5411 0.0662 -0.593 0.0117 -0.039 -0.510 -0.160 0.1024 0.2225 -0.042
0.8334 0.3496 0.3245 0.0319 -0.063 -0.079 -0.095 -0.154 -0.070 -0.168
0.5895 -0.509 -0.112 -0.148 -0.439 0.1220 -0.009 -0.037 -0.369 0.1086
0.7893 0.4991 0.2958 -0.058 -0.037 -0.118 0.0301 0.0904 0.1075 -0.025
0.5755 0.4957 0.0277 0.1683 -0.138 0.1010 0.3059 -0.101 -0.119 0.4965
0.7612 -0.554 -0.055 -0.015 -0.254 0.1080 0.0115 -0.078 0.0967 -0.133
0.6124 0.0458 -0.180 -0.612 0.3991 0.1627 0.0396 -0.158 -0.025 -0.044
0.7428 0.3901 0.2573 -0.103 -0.113 -0.040 0.2031 0.3512 0.1680 -0.109
0.6396 0.4343 0.3192 0.0730 0.0196 -0.042 -0.479 -0.078 0.0644 -0.229
0.7652 -0.367 -0.213 -0.270 -0.326 -0.007 -0.003 0.1678 0.0053 -0.159
0.5260 -0.121 -0.123 -0.673 0.4079 0.0558 0.0596 -0.093 0.2284 0.0770
0.4965 0.0476 -0.703 0.1728 -0.018 -0.442 -0.109 0.0378 0.1065 -0.069
0.6930 -0.286 -0.161 -0.530 0.0385 -0.033 -0.012 0.3040 -0.164 -0.088
0.4102 -0.041 -0.102 -0.617 0.5339 0.0358 0.0609 -0.286 0.2463 0.0746
0.6553 0.5727 -0.212 0.2159 -0.068 0.1385 0.3083 -0.064 -0.165 0.0090
0.4913 0.0520 -0.633 0.0510 -0.033 -0.516 -0.185 0.1031 0.1918 -0.040
0.7265 -0.414 -0.108 -0.446 -0.229 0.1188 0.0443 0.0797 0.0224 -0.117
0.7827 -0.254 0.2949 0.1663 0.2946 -0.182 0.0053 0.2285 -0.168 0.0839
0.6777 0.5418 -0.126 0.2059 -0.057 0.2835 0.2953 -0.015 -0.079 -0.104
0.7832 -0.524 0.1057 0.0765 -0.116 0.0648 -0.009 -0.167 0.1839 -0.121
0.6190 0.2978 0.4374 0.1376 -0.018 -0.199 -0.328 -0.347 -0.213 -0.059
0.6536 0.4414 0.2735 0.1541 -0.092 -0.028 -0.050 -0.296 -0.296 0.3021
0.7582 -0.154 -0.014 -0.455 -0.033 0.0127 -0.120 0.1842 -0.349 -0.145
0.6714 0.5688 -0.044 0.1044 0.0599 0.3742 0.2441 -0.033 -0.065 -0.063
0.7752 -0.544 -0.015 0.0142 -0.184 0.1037 0.0406 -0.073 0.1722 -0.141
0.8004 0.1792 -0.071 -0.312 0.2899 0.2238 0.1595 -0.245 -0.014 -0.062
0.6469 -0.481 0.0217 0.1361 0.4324 -0.076 0.0923 0.2734 -0.232 0.0031
0.7072 -0.263 -0.070 -0.471 -0.178 0.0760 0.0536 0.3100 -0.116 -0.229
0.6302 -0.570 0.1738 0.3857 0.2956 -0.069 -0.010 0.0044 0.0243 -0.072
0.6891 -0.538 0.0931 0.2283 -0.232 0.0764 -0.015 -0.260 0.2129 -0.031
0.6438 0.5124 -0.221 0.1782 -0.118 0.1091 0.3376 0.1959 0.0178 -0.251
0.5904 -0.544 0.1950 0.4488 0.2902 -0.052 0.0007 -0.049 0.0765 -0.141
0.5007 0.3261 -0.602 0.2867 0.0101 -0.419 -0.085 -0.088 0.0773 0.0288
0.7268 0.3977 0.3937 -0.018 -0.076 -0.238 -0.058 -0.054 0.0087 0.2978
0.6626 -0.179 -0.267 -0.523 0.0746 -0.010 -0.054 0.2420 -0.235 -0.246
0.7620 0.4056 0.1630 0.0692 -0.016 0.0585 -0.143 -0.256 -0.205 -0.301
0.7096 0.0280 -0.129 -0.601 0.2132 0.0640 -0.036 0.0839 -0.087 -0.225
0.6309 0.4048 0.3209 -0.147 -0.095 -0.103 0.2208 0.3591 0.2136 0.2647
0.3605 0.0687 -0.764 0.0373 0.0090 -0.491 -0.175 0.0561 -0.001 0.0617
0.7075 0.5577 -0.076 0.1896 -0.002 0.2930 0.1781 -0.027 -0.027 -0.165
0.7644 -0.595 -0.062 -0.081 -0.204 0.0724 0.0141 -0.016 -0.053 -0.012
0.6251 0.5330 -0.376 0.2501 -0.067 0.0730 0.2942 -0.027 -0.095 -0.118
0.6251 0.5330 -0.376 0.2501 -0.067 0.0730 0.2942 -0.027 -0.095 -0.118
0.6251 0.5330 -0.376 0.2501 -0.067 0.0730 0.2942 -0.027 -0.095 -0.118
0.6668 0.5949 -0.126 0.2357 -0.071 0.1409 0.2435 -0.063 -0.108 0.1719
0.6133 0.4231 -0.360 0.2378 -0.035 0.4081 0.1909 0.0421 -0.024 -0.226
0.5473 0.4849 -0.589 0.2844 0.0044 -0.120 0.1234 -0.035 0.0318 -0.069
0.5473 0.4849 -0.589 0.2844 0.0044 -0.120 0.1234 -0.035 0.0318 -0.069
0.7291 -0.596 0.1126 0.2101 0.1976 -0.048 0.0278 0.0901 -0.064 0.0399
0.6419 -0.652 0.1213 0.3548 0.1038 0.0095 0.0559 0.0038 0.0747 -0.039
0.7356 -0.146 -0.080 -0.552 0.2341 0.0105 -0.006 0.0700 -0.238 -0.092
0.4150 0.1416 -0.780 -0.002 0.0883 -0.402 -0.150 0.0719 0.0166 -0.020
0.7135 -0.483 -0.081 -0.313 -0.353 0.0699 0.0313 0.1403 0.0137 0.0451
0.8106 -0.491 -0.076 -0.086 0.1139 0.0694 -0.225 0.0821 -0.055 -0.097
0.7125 -0.571 0.0104 0.1690 -0.095 0.1308 0.0265 -0.170 0.2559 0.1245
0.6166 -0.628 0.0573 0.3319 -0.045 0.0722 0.0699 -0.129 0.2833 0.0451
0.8130 -0.441 -0.117 -0.106 0.1142 0.0790 -0.259 0.0456 -0.129 -0.115
0.7813 -0.557 0.1180 0.1193 0.0966 -0.032 0.0403 0.1661 -0.045 0.0924
0.6246 0.3635 0.3660 -0.104 -0.165 -0.165 0.1557 0.3159 0.2474 0.3039
0.7838 0.4782 -0.073 0.0505 -0.028 0.2047 0.2486 0.0450 -0.035 -0.202
0.3537 0.3073 -0.114 0.1863 0.0997 0.5780 -0.554 0.1675 0.0627 0.2219
0.7319 -0.547 0.1136 0.2695 0.2477 -0.053 -0.007 0.0268 -0.097 -0.066
0.7597 -0.352 -0.092 -0.344 -0.338 0.1590 0.0644 0.1036 -0.046 -0.116
0.7053 -0.577 0.1287 0.2128 0.1945 -0.057 0.0387 0.1417 -0.173 0.1186
0.6240 0.3451 0.1692 0.0637 -0.046 -0.219 -0.352 -0.086 0.0343 -0.524
0.7642 -0.554 0.0723 0.2155 0.1981 0.0140 0.0437 0.0827 -0.093 0.0132
0.3273 0.0922 -0.755 0.0928 0.0065 -0.516 -0.173 0.0204 0.0404 0.0804
0.6784 -0.592 -0.042 0.0257 -0.188 0.1407 0.0678 -0.077 0.2560 0.2349
0.5438 0.2057 -0.747 -0.023 0.0755 0.0125 -0.201 0.1484 -0.182 -0.026
0.5939 -0.643 0.0146 0.2022 -0.096 0.0949 0.0920 -0.080 0.3063 0.2541
0.5889 0.3140 0.0553 -0.295 0.3608 0.0916 0.1422 -0.375 0.2643 0.3073
0.5978 -0.564 0.1687 0.4034 0.3432 -0.090 0.0228 0.0434 -0.027 -0.054
0.5811 0.3069 -0.697 0.1265 0.0820 -0.147 -0.112 -0.094 -0.086 -0.089
0.5741 -0.638 0.1174 0.3812 0.0165 0.0466 0.0560 -0.151 0.2744 0.0040
0.7378 -0.416 -0.057 -0.281 -0.359 0.1444 0.0204 0.0416 0.0297 -0.214
0.5623 -0.607 0.1855 0.4347 0.2728 -0.061 -0.003 -0.018 -0.028 -0.106
0.7065 -0.433 0.0569 0.1891 0.3972 -0.008 -0.137 0.1292 -0.080 -0.272
0.8703 0.2222 0.3908 -0.037 -0.120 -0.134 -0.060 0.0348 0.0331 -0.013
0.5170 0.3088 -0.717 0.2015 0.0436 -0.226 -0.121 -0.085 -0.023 -0.076
0.7560 -0.362 0.0561 -0.167 -0.248 0.0743 0.1228 0.1781 0.3658 0.1317
0.7835 -0.594 0.0031 -0.016 -0.030 0.0367 0.0247 0.0540 -0.125 0.1037
0.6528 0.4055 0.4523 -0.095 -0.061 -0.213 -0.064 -0.061 0.0547 0.3675
0.7652 -0.587 -0.084 -0.063 -0.132 0.0770 0.0081 0.0501 -0.178 0.0040
0.7305 -0.572 0.1190 0.2643 0.1094 -0.027 0.0108 0.0317 0.0726 -0.187
0.8131 -0.543 -0.063 0.0279 -0.025 0.1211 -0.114 0.0115 0.0732 -0.069
0.7768 0.2022 0.2589 -0.159 0.2509 -0.019 -0.092 -0.384 0.1144 -0.173
0.6846 0.5891 -0.025 0.1594 -0.057 0.2657 0.1632 0.0445 0.0361 -0.232
0.7850 0.4178 0.1494 0.1088 -0.046 0.1979 -0.171 0.0970 0.1397 -0.274
0.5954 0.2547 -0.693 -0.067 0.1358 -0.230 -0.000 0.0316 0.0901 -0.118
0.6664 -0.621 0.0615 0.2686 -0.148 0.0743 0.0192 -0.154 0.2027 -0.015
0.5684 -0.647 0.0845 0.3621 -0.032 0.0707 0.0537 -0.167 0.2863 -0.007
0.6949 -0.195 -0.171 -0.577 -0.011 0.0842 -0.118 0.1671 -0.241 -0.097
0.7500 -0.225 -0.031 -0.468 0.2648 0.1045 0.0803 -0.187 0.2082 0.0010
0.7139 0.5515 -0.239 0.1761 0.1064 0.0089 0.1452 -0.242 0.0262 0.0758
0.7474 -0.292 -0.083 -0.345 0.3817 0.0722 0.0878 -0.031 -0.214 0.1544
0.7713 -0.372 -0.053 -0.414 0.1028 0.0929 0.0576 -0.185 0.1806 0.0421
0.7216 0.5580 -0.037 0.2519 -0.045 0.2815 0.0280 0.0095 -0.030 0.1409
0.6280 -0.603 -0.109 -0.057 -0.359 0.0845 -0.018 -0.042 -0.281 0.0866
0.7664 -0.272 0.0028 -0.391 0.3647 0.0350 0.0316 -0.184 0.1269 0.0097
0.7791 -0.566 -0.010 -0.094 -0.077 0.0797 0.0673 0.1836 -0.062 -0.089
0.7103 0.4283 0.4292 0.0339 -0.152 -0.164 -0.134 -0.083 -0.194 0.1156
0.8124 -0.379 -0.012 -0.337 0.0948 0.0790 0.0431 -0.178 0.1796 -0.024
0.7198 -0.629 0.0516 0.0913 -0.132 0.0688 -0.003 -0.089 0.1534 -0.142
0.8670 -0.142 0.1493 0.1542 -0.115 -0.020 -0.011 -0.120 0.3571 -0.160
0.4120 -0.502 0.1725 0.4727 0.5268 -0.088 0.0832 0.1287 -0.109 0.0581
0.3062 0.1919 -0.683 0.2108 -0.033 -0.553 -0.134 0.0196 0.1759 0.0343
0.4702 -0.446 0.2209 0.4547 0.5470 -0.120 0.0447 0.0713 -0.021 -0.047
0.4048 -0.501 0.1599 0.4810 0.5161 -0.083 0.0970 0.1570 -0.120 0.0721
0.5058 -0.558 0.1277 0.4480 0.4504 -0.096 0.0320 -8.975 0.0262 -0.034
0.5956 -0.659 0.0318 0.1573 -0.206 0.1092 0.0478 -0.138 0.3273 0.0302
0.6183 0.3591 0.4160 0.0773 -0.162 -0.256 -0.229 -0.343 -0.199 0.0853
0.6706 -0.545 0.0058 0.1581 -0.279 0.0559 0.0507 -0.170 0.2997 0.1582
0.4396 -0.485 0.1035 0.5026 0.5187 -0.116 0.1055 0.1175 -0.009 -0.008
0.4714 -0.498 0.1848 0.4896 0.4636 -0.090 0.0727 0.1248 -0.076 0.0715
0.6103 -0.520 -0.042 0.0869 -0.428 0.1513 0.0110 -0.242 0.2852 -0.026
0.2926 0.1149 -0.739 0.1417 -0.012 -0.538 -0.175 0.0420 0.0918 0.0487
0.5942 -0.600 -0.052 0.0653 -0.357 0.1648 -0.008 -0.186 0.2730 -0.122
0.6996 -0.406 -0.227 -0.424 -0.123 0.0104 -0.031 0.2192 -0.218 0.0203
0.4954 0.4036 0.2921 0.0062 -0.136 -0.075 0.1478 -0.034 -0.010 0.6773
0.4788 -0.563 0.1585 0.4779 0.4302 -0.086 0.0381 0.0472 -0.059 0.0018
0.5991 -0.543 -0.099 -0.088 -0.496 0.1942 -0.082 -0.178 0.0109 -0.074
0.4085 -0.131 -0.505 0.4143 0.2532 -0.536 -0.163 0.0711 0.0013 0.0743
0.6657 -0.659 0.0210 0.2522 -0.065 0.0533 -0.015 -0.132 0.1079 -0.143
0.5071 0.5264 -0.268 0.2950 -0.006 0.3575 0.3774 -0.119 -0.132 -0.067
0.6421 -0.649 0.0872 0.3295 0.1262 0.0089 0.0303 -0.082 0.0868 -0.135
0.5063 0.3052 0.4874 0.0100 -0.074 -0.302 -0.377 -0.252 -0.121 -0.307
0.6015 -0.565 0.0990 0.1166 -0.191 -0.019 -0.046 -0.094 0.4807 -0.123
0.2743 0.1126 -0.698 0.1347 -0.000 -0.582 -0.215 0.0343 0.1310 0.0533
0.5551 -0.466 0.2053 0.4011 0.4797 -0.093 0.0254 0.1251 -0.120 -0.032
0.4111 -0.083 -0.188 -0.691 0.4769 0.0312 0.0064 -0.272 -0.064 0.0589
0.5967 0.5293 -0.204 0.2225 0.0550 0.4526 0.1767 -0.068 -0.108 -0.129
0.4294 -0.456 0.1581 0.5436 0.5072 -0.100 0.0839 0.0387 0.0421 -0.092
0.3230 0.1332 -0.694 0.1197 0.0123 -0.568 -0.175 0.0441 0.1068 0.1135
0.6964 -0.416 -0.075 -0.237 0.3862 -0.043 -0.103 0.0937 -0.306 -0.120
0.7162 -0.562 -0.052 -0.211 -0.298 0.0916 -0.042 -0.093 0.0579 -0.107
0.5365 0.2782 0.3066 -0.229 -0.037 -0.111 0.2229 0.4859 0.4119 0.1371
0.6731 -0.667 0.0281 0.1858 -0.212 0.0923 -0.003 -0.101 0.0392 -0.028
0.4163 -0.464 0.1874 0.4568 0.5323 -0.091 0.0934 0.1532 -0.205 0.0326
0.5644 -0.490 0.1381 0.3360 0.5033 -0.100 0.0797 0.1231 0.0345 -0.149
0.5207 -0.562 -0.056 0.0874 -0.418 0.1526 0.0229 -0.239 0.3783 0.0546
0.6910 -0.243 0.0026 -0.472 -0.123 -0.031 0.0296 0.4523 -0.089 -0.099
0.5095 0.0488 -0.213 -0.586 0.4577 0.1186 0.0795 -0.340 0.0356 0.0345
0.4689 0.3077 0.4082 0.0703 -0.059 -0.219 -0.287 -0.419 -0.324 0.3118
0.6923 -0.358 -0.120 -0.488 -0.307 0.1537 0.0547 0.1000 -0.033 -0.080
0.6501 0.5240 -0.241 0.1791 0.1136 0.2436 0.2047 -0.270 -0.135 -0.080
0.5491 -0.632 0.1111 0.4237 0.0110 0.0453 0.0363 -0.155 0.2563 -0.113
0.5215 0.3293 -0.701 0.2044 -0.021 -0.274 0.0102 0.0400 0.0247 -0.082
0.5265 0.5125 -0.335 0.3225 0.0413 0.3644 0.1949 -0.154 -0.150 -0.156
0.7170 -0.598 0.0011 0.0898 0.0756 -0.017 -0.040 0.0422 -0.324 0.0682
0.4760 0.4929 -0.192 0.3552 -0.011 0.3859 0.1326 -0.310 -0.319 -0.040
0.3231 0.1375 -0.753 0.1331 -0.007 -0.494 -0.175 0.0550 0.0735 0.0853
0.5482 0.1650 -0.538 -0.329 0.4128 0.1319 0.0036 -0.289 0.0312 -0.035
0.6104 0.5211 -0.153 0.2620 0.0599 0.4836 0.0103 -0.104 -0.103 -0.066
0.7350 0.4008 0.1346 -0.060 -0.047 0.0508 0.1335 0.1647 0.0967 -0.467
0.5331 0.5177 -0.208 0.2795 0.0711 0.5010 0.0056 -0.172 -0.199 -0.023
0.7373 0.5509 0.2334 -0.003 -0.063 0.0539 0.1178 0.1037 0.0968 0.2394
0.6176 0.5281 -0.183 0.1791 0.1073 0.3184 0.2314 -0.283 -0.162 0.0174
0.8012 0.5016 0.1300 0.0825 0.0721 0.2199 -0.017 -0.027 0.0374 -0.163
0.4483 -0.475 0.1799 0.4330 0.5080 -0.097 0.0803 0.1724 -0.219 0.0341
0.5227 -0.436 0.1338 0.3667 0.5554 -0.114 0.0424 0.1821 -0.091 -0.138
0.3559 0.1164 -0.062 -0.549 0.5249 0.1134 0.0712 -0.372 0.3406 0.0762
0.6967 -0.583 0.0152 0.1192 -0.201 0.0953 0.0087 -0.160 0.2874 -0.034
0.6315 -0.247 -0.210 -0.602 0.2035 -0.026 -0.063 0.0650 -0.279 -0.067
0.6203 -0.517 -0.093 -0.175 -0.519 0.1462 -0.025 -0.112 -0.028 -0.055
0.3454 0.0957 -0.735 0.1276 -0.005 -0.514 -0.188 0.0726 0.0471 0.0745
0.4946 -0.483 0.2314 0.4690 0.4695 -0.130 0.0138 0.0636 -0.050 -0.060
0.8306 0.3686 0.2685 -0.166 0.1532 0.0161 0.1176 0.0282 0.1892 0.0056
0.6175 -0.166 -0.208 -0.614 0.3101 0.0318 0.0033 0.0609 -0.259 -0.033
0.4455 -0.487 0.1759 0.4514 0.5036 -0.080 0.0883 0.1470 -0.197 0.0164
0.6404 0.3267 0.2712 -0.226 -0.012 -0.095 0.1986 0.4200 0.3565 0.0755
0.3714 0.1396 -0.749 0.0950 0.0166 -0.475 -0.176 0.0581 0.0532 0.0861
0.6833 -0.266 -0.155 -0.529 -0.104 0.0292 0.0173 0.3285 -0.174 -0.081
0.5824 -0.547 -0.254 -0.055 -0.483 0.0833 -0.022 -0.116 0.1497 0.1277
0.4477 -0.485 0.2035 0.4605 0.5218 -0.113 0.0515 0.1216 -0.089 -0.007
0.6225 0.5301 -0.159 0.2496 -0.050 0.2933 0.3537 -0.070 -0.120 -0.102
0.4534 -0.016 -0.129 -0.590 0.5039 0.0325 0.0170 -0.400 0.0770 0.0859
0.5211 -0.480 0.1268 0.4570 0.4861 -0.060 0.0956 0.1318 0.0706 -0.025
0.4874 0.3242 0.2955 -0.084 -0.165 -0.093 0.2536 0.2888 0.3033 0.5356
0.3809 0.0399 -0.110 -0.506 0.5418 0.0676 0.0346 -0.459 0.2352 0.1345
0.4583 -0.504 0.1592 0.4094 0.4601 -0.070 0.1102 0.2304 -0.208 0.1286
0.2093 0.1423 -0.122 0.0611 0.1524 0.5524 -0.700 0.2409 0.1162 0.1646
0.4479 0.3119 0.4211 -0.014 -0.065 -0.251 -0.352 -0.127 0.0365 -0.561
0.6706 0.2958 0.1923 0.0065 -0.079 -0.009 0.2708 0.3836 0.3017 -0.328
0.6255 0.5107 -0.208 0.2120 0.0443 0.3052 0.3626 -0.129 -0.085 -0.093
0.5328 -0.461 0.1974 0.4534 0.4531 -0.082 -0.002 -0.080 0.1366 -0.145
0.5333 0.3951 0.2751 -0.076 -0.166 -0.044 0.2600 0.3147 0.1696 0.5025
0.4707 -0.478 0.1910 0.3931 0.5248 -0.115 0.0840 0.1975 -0.152 -0.028
0.3955 -0.152 -0.514 0.3768 0.2131 -0.553 -0.211 0.0969 0.0085 0.0888
0.5050 -0.470 0.1943 0.4127 0.4958 -0.111 0.0511 0.1351 -0.187 0.0275
0.4711 0.4300 -0.184 0.2772 0.0792 0.6169 -0.286 -0.017 -0.110 0.0249
0.5246 -0.070 -0.099 -0.702 0.4418 0.0389 0.0699 -0.002 0.1124 -0.045
0.5163 0.3366 0.4090 0.0021 -0.052 -0.221 -0.287 -0.096 0.0482 -0.553
0.5886 -0.592 0.1028 0.4046 0.1305 0.0319 0.0825 -0.076 0.2955 -0.100
0.6014 -0.610 0.0326 0.3672 0.1473 -0.003 0.0609 -0.042 0.3165 -0.046
0.6378 0.5317 -0.186 0.1929 0.0073 0.3319 0.2616 0.1207 0.0569 -0.204
0.6110 -0.198 -0.080 -0.566 -0.159 0.0060 0.0025 0.3999 -0.273 0.0141
0.5440 -0.460 0.1880 0.4779 0.3989 -0.100 0.0204 0.0423 0.1262 -0.201
0.3594 0.0723 -0.121 -0.541 0.5350 0.0686 -0.013 -0.412 0.3002 0.0817
0.8114 -0.065 0.1628 -0.201 0.0964 -0.038 0.0321 0.3789 0.1453 -0.305
0.5917 0.5338 -0.385 0.3203 -0.013 0.1378 0.2166 -0.108 -0.136 -0.130
0.6765 -0.228 -0.149 -0.533 0.3383 -0.007 -0.065 0.0340 -0.250 0.0120
0.5430 -0.598 0.0932 0.4650 0.2096 0.0143 0.0871 -0.083 0.2458 -0.054
0.5321 -0.622 0.1042 0.4696 0.1683 0.0065 0.0544 -0.110 0.2308 -0.026
0.5650 0.3266 0.3779 0.0299 -0.005 -0.158 -0.321 -0.175 0.0146 -0.520
0.4227 -0.142 -0.592 0.2490 0.1193 -0.547 -0.208 0.0792 -0.105 0.1114
0.6429 -0.180 -0.176 -0.530 -0.020 -0.012 0.0167 0.3553 -0.318 -0.113
0.5652 0.3290 0.3234 -0.197 -0.125 -0.136 0.2302 0.4161 0.2811 0.2985
0.2561 0.1687 -0.108 0.0581 0.1518 0.5547 -0.656 0.2756 0.1588 0.1654
0.6764 -0.256 -0.026 -0.495 -0.134 -0.008 0.0338 0.4335 -0.139 -0.060
0.7161 0.3838 0.3329 -0.151 -0.049 -0.075 0.1619 0.2983 0.2862 0.0263
0.5103 0.5409 -0.072 0.3026 -0.080 0.2421 0.2536 -0.273 -0.309 0.2239
0.5608 -0.434 0.2923 0.3763 0.4270 -0.167 -0.038 0.1675 -0.162 -0.054
0.3864 0.0920 -0.758 0.0872 -0.015 -0.469 -0.166 0.0775 -0.009 0.0730
0.5736 0.5412 -0.321 0.3300 -0.087 0.1028 0.2937 -0.151 -0.182 0.0668
0.5343 -0.649 0.0717 0.4226 0.0800 0.0547 0.0644 -0.157 0.2556 -0.068
0.5968 0.2829 0.2684 -0.292 -0.132 -0.133 0.1696 0.4029 0.1536 0.3953
0.6024 0.5101 -0.280 0.2783 0.0208 0.3825 0.1999 -0.099 -0.122 -0.095
0.3127 0.1041 -0.729 0.1320 0.0128 -0.537 -0.182 0.0689 0.0931 0.0806
0.6295 -0.345 -0.128 -0.418 -0.428 0.1682 0.0426 0.1629 -0.146 -0.176
0.5277 -0.551 0.2030 0.4454 0.3928 -0.057 0.0834 0.0970 0.0144 -0.056
0.4832 0.2567 -0.159 -0.302 0.4781 0.2953 0.1783 -0.432 0.2177 0.0371
0.4801 -0.481 0.1388 0.4269 0.4998 -0.063 0.1083 0.1600 -0.207 0.0350
0.5346 0.3343 0.3304 0.0095 -0.024 -0.221 -0.365 -0.164 0.0030 -0.531
0.6418 0.2905 -0.600 -0.016 0.1387 0.2758 -0.089 0.0756 -0.181 0.0131
0.5999 0.4940 -0.228 0.1764 -0.095 0.1680 0.4784 0.1456 0.0924 0.1292
0.5598 -0.494 0.2117 0.4587 0.3965 -0.100 0.0529 0.0401 0.0182 -0.120
0.5226 -0.484 0.2212 0.4604 0.4346 -0.110 0.0448 0.0879 -0.116 -0.083
0.6542 -0.236 -0.112 -0.485 0.0806 -0.002 -0.037 0.3486 -0.345 -0.137
0.5293 -0.507 0.2002 0.4309 0.4473 -0.092 0.0623 0.1046 -0.011 -0.111
0.4547 -0.474 0.1847 0.4678 0.5205 -0.082 0.0789 0.1280 -0.122 0.0011
0.6595 -0.546 0.0584 0.1778 -0.294 0.1180 0.0143 -0.200 0.2959 -0.054
0.6176 -0.605 -0.077 0.0249 -0.330 0.1661 -0.012 -0.167 0.2830 -0.014
0.6438 -0.628 0.1030 0.3386 0.1994 -0.065 -0.022 -0.048 -0.042 -0.130
0.5954 -0.552 0.1575 0.3819 0.3445 -0.051 0.1006 0.0664 0.1520 0.1038
0.7200 -0.639 0.0275 0.1680 -0.140 0.0907 0.0580 -0.041 0.1032 0.0057
0.6403 0.3142 0.3386 -0.070 0.0850 -0.104 -0.279 -0.291 -0.010 -0.436
0.5630 -0.527 0.1578 0.4460 0.4053 -0.097 0.0274 -0.017 0.0730 -0.031
0.4604 -0.477 0.1944 0.4652 0.5187 -0.090 0.0760 0.1162 -0.092 0.0182
0.5087 0.1548 -0.678 0.0796 0.0157 -0.452 -0.164 0.0852 0.0581 -0.086
0.6226 0.4767 -0.272 0.1306 -0.001 0.3191 0.3401 -0.019 -0.115 -0.249
0.5652 -0.662 0.0461 0.3797 -0.010 0.0571 0.0443 -0.162 0.2490 -0.032
0.7583 -0.502 0.0175 0.1919 0.0265 -0.184 -0.184 -0.173 0.1749 -0.073
0.4207 -0.437 0.1922 0.4555 0.5836 -0.110 0.0827 0.1366 -0.091 -0.017
0.5702 -0.489 0.2096 0.4112 0.4388 -0.100 0.0372 0.1086 -0.029 -0.074
0.5172 0.5429 -0.193 0.3063 -0.005 0.3662 0.1470 -0.238 -0.303 0.0429
0.2999 0.1965 -0.142 0.0657 0.1447 0.5759 -0.612 0.2851 0.1445 0.1311
0.6434 -0.598 0.1731 0.3102 0.2713 -0.068 0.0104 0.0333 0.0306 -0.145
0.5624 -0.070 -0.409 -0.439 -0.040 0.0957 -0.166 0.2211 -0.477 0.0495
0.3430 0.1146 -0.691 0.1185 0.0378 -0.560 -0.195 0.0365 0.1438 0.0171
0.4758 0.4906 -0.283 0.3189 0.0377 0.4698 0.1099 -0.194 -0.278 -0.028
0.6065 0.5951 -0.284 0.2616 -0.014 0.1958 0.2665 -0.034 -0.000 -0.132
0.8425 0.1780 0.0129 -0.327 -0.133 0.0121 0.0620 0.2663 -0.231 -0.071
0.6102 -0.642 -0.063 0.2157 -0.194 0.1423 0.0011 -0.188 0.2383 0.1174
0.5117 0.1474 -0.484 -0.379 0.4469 0.1111 -0.022 -0.343 0.0739 0.0372
0.7998 -0.014 0.1648 -0.408 0.0579 -0.128 -0.211 0.1286 -0.156 -0.245
0.3909 0.0677 -0.124 -0.527 0.5239 0.0659 0.0463 -0.422 0.2492 0.1646
0.5749 -0.570 0.1626 0.4072 0.3693 -0.050 0.0236 0.0051 0.0090 -0.110
0.5345 0.4578 -0.324 0.2893 0.0412 0.4207 0.2194 -0.139 -0.237 -0.115
0.5870 0.5343 -0.275 0.3323 -0.141 -0.113 0.1765 -0.221 -0.133 0.2285
0.6288 -0.477 -0.173 -0.313 -0.468 0.0581 -0.089 0.0484 -0.114 -0.039
0.5875 0.3159 -0.645 0.2263 -0.031 -0.264 0.1133 0.0037 0.0150 -0.058
0.5563 0.3934 0.4334 0.1168 -0.203 -0.285 -0.137 -0.229 -0.207 0.3112
0.5563 0.3934 0.4334 0.1168 -0.203 -0.285 -0.137 -0.229 -0.207 0.3112
0.6396 0.0672 0.4326 -0.020 0.0018 -0.239 -0.328 -0.053 0.0703 -0.474
0.5911 0.3454 0.4199 -0.067 -0.001 -0.211 -0.307 -0.119 0.0475 -0.440
0.6303 -0.333 -0.172 -0.525 0.0352 0.0052 -0.118 0.1193 -0.392 -0.039
0.5545 -0.548 0.1635 0.3806 0.3958 -0.062 0.1122 0.1470 0.0817 0.1373
0.5576 -0.610 -0.019 0.1715 -0.331 0.1496 0.0402 -0.238 0.3029 0.0618
0.7492 0.2196 0.2122 -0.126 -0.052 -0.000 0.2476 0.4224 0.2101 -0.206
0.5484 -0.589 -0.070 0.0260 -0.376 0.1229 0.0341 -0.190 0.3185 0.2239
0.4884 0.0285 -0.136 -0.534 0.5051 0.1200 0.0541 -0.417 0.0821 0.0462
0.7084 0.3673 0.3497 0.1580 -0.125 -0.092 -0.251 -0.185 -0.164 0.2583
0.6876 0.4438 0.2733 0.0362 0.0187 -0.141 -0.217 -0.121 0.0715 -0.408
0.6456 0.2546 0.3909 -0.177 -0.033 -0.170 0.1464 0.3236 0.2383 0.3475
0.5516 0.5280 -0.202 0.2821 0.0118 0.3752 0.2205 -0.203 -0.254 0.0024
0.6024 0.5297 -0.419 0.3419 -0.021 0.0062 0.1836 -0.127 -0.114 0.0184
0.6406 0.5383 0.0702 0.1646 0.0589 0.1447 0.1284 -0.410 -0.158 0.1826
0.5952 -0.329 -0.214 -0.356 -0.370 0.0939 -0.086 0.0830 -0.450 0.0195
0.5208 0.4975 -0.162 0.3520 -0.020 0.3746 0.2038 -0.266 -0.262 -0.094
0.5208 0.4975 -0.162 0.3520 -0.020 0.3746 0.2038 -0.266 -0.262 -0.094
0.5301 -0.043 -0.357 -0.577 0.1050 0.0686 -0.077 0.2616 -0.378 -0.151
0.5215 0.2995 -0.148 -0.274 0.4532 0.2877 0.1609 -0.434 0.1923 0.0289
0.6773 0.2523 0.2457 -0.146 -0.114 -0.159 0.1589 0.4798 0.3177 0.0199
0.6060 -0.565 -0.203 -0.110 -0.443 0.1355 0.0025 -0.143 0.1368 0.0653
0.5651 0.2358 0.2866 -0.110 0.0386 -0.247 -0.285 -0.036 0.1041 -0.611
0.5967 0.5129 -0.444 0.2627 -0.034 0.1307 0.2663 0.1312 0.0182 -0.087
0.7759 0.4776 -0.197 0.2291 0.0368 0.1786 0.1788 -0.058 -0.012 -0.097
0.6236 -0.640 0.0150 0.1562 -0.307 0.1435 0.0186 -0.151 0.1766 -0.079
0.6119 -0.614 0.1148 0.3424 0.2534 -0.020 0.0566 0.0582 -0.197 0.0801
0.6703 0.3385 -0.045 -0.087 0.0029 0.2380 0.4044 0.3386 0.1771 -0.244
0.7259 0.4356 -0.274 0.0277 -0.075 0.2121 0.2939 0.1685 -0.090 -0.183
0.7541 0.4686 0.2291 -0.093 -0.074 0.0340 0.2253 0.2436 0.1791 0.0379
0.3936 0.2854 -0.213 0.0717 0.0788 0.5332 -0.449 0.4191 0.2105 -0.026
0.5457 0.5206 -0.343 0.2688 -0.012 0.3101 0.3546 -0.026 -0.092 -0.096
0.3362 0.0332 -0.113 -0.560 0.5287 0.0831 0.0548 -0.435 0.2361 0.1541
0.6266 0.5046 -0.263 0.1754 -0.039 0.2860 0.3652 0.1711 0.0483 -0.064
0.6723 -0.122 -0.104 -0.613 0.1394 -0.083 0.0016 0.2777 -0.202 0.0281
0.5468 -0.495 0.1938 0.4207 0.4170 -0.096 0.0396 0.0827 -0.213 0.0602
0.6840 -0.610 -0.266 0.0862 -0.228 -0.072 -0.133 -0.068 0.0257 0.0145
0.6725 -0.413 -0.089 -0.412 -0.342 0.0974 0.0428 0.2470 -0.022 -0.093
0.6536 -0.517 -0.118 -0.162 -0.456 0.1418 0.0027 -0.006 0.0803 -0.171
0.7004 0.4005 0.3958 -0.137 -0.093 -0.126 0.1011 0.2836 0.1765 0.1637
0.7114 -0.669 0.0656 0.1740 -0.068 0.0671 0.0331 -0.000 0.0062 -0.017
0.5772 0.4296 0.2758 -0.029 -0.108 -0.066 0.2498 0.1851 0.1662 0.5144
0.5263 0.4025 0.0665 0.1442 0.0133 0.4258 -0.366 0.2695 0.1490 0.3538
0.7421 -0.461 -0.160 -0.158 0.3187 -0.027 -0.022 0.1019 -0.267 -0.008
0.6671 -0.150 -0.217 -0.584 0.0864 -0.060 -0.020 0.2912 -0.208 0.0559
0.6168 0.3873 0.4583 -0.032 -0.143 -0.226 0.0790 0.2161 0.2276 0.2852
0.7604 0.4860 0.3862 0.0053 -0.044 -0.119 -0.077 -0.111 0.0366 0.0177
0.7348 -0.605 -0.041 -0.009 -0.197 0.0929 -0.014 -0.113 0.1522 -0.085
0.8235 0.0705 -0.044 -0.380 -0.257 0.0518 0.1103 -0.010 -0.272 0.1190
0.6144 -0.058 0.0043 -0.594 0.0922 -0.020 0.0869 0.4888 -0.102 -0.008
0.6382 -0.693 0.0491 0.2364 0.1431 0.0671 0.0657 0.0082 -0.058 0.1454
0.5987 -0.325 -0.200 -0.556 0.1293 -0.043 -0.043 0.2181 -0.338 0.0508
0.6841 -0.377 -0.086 -0.444 0.2648 -0.016 -0.032 0.1014 -0.319 -0.030
0.5418 -0.553 0.1347 0.4866 0.3131 -0.051 0.0276 -0.060 0.1718 -0.103
0.5981 -0.583 0.1482 0.4120 0.2799 -0.029 0.0468 -0.089 0.1036 -0.098
0.7854 0.1962 0.4096 0.0159 0.1674 -0.187 -0.148 -0.289 -0.071 0.0478
0.6600 0.4853 -0.127 0.2062 -0.053 0.3633 0.3439 -0.014 -0.063 -0.112
0.4882 -0.414 0.2314 0.4355 0.4688 -0.132 0.0293 0.1338 -0.297 0.0405
0.4546 -0.494 0.1907 0.5194 0.4656 -0.096 0.0661 0.0439 0.0607 -0.079
0.6002 0.5719 -0.066 0.2452 -0.004 0.3860 0.2223 -0.133 -0.177 0.0073
0.6002 0.5719 -0.066 0.2452 -0.004 0.3860 0.2223 -0.133 -0.177 0.0073
0.6245 -0.485 0.0660 0.1936 0.4003 -0.107 -0.002 0.1732 -0.358 0.0455
0.6850 -0.509 0.0132 -0.148 -0.429 0.0965 -0.107 -0.169 -0.111 -0.053
0.5487 0.5312 -0.103 0.1957 -0.105 -0.028 0.2377 -0.116 -0.067 0.5302
0.7322 -0.359 -0.197 -0.395 -0.042 -0.022 -0.089 0.1596 -0.320 0.0251
0.7132 0.5377 0.0244 0.1360 -0.016 0.2926 -0.072 -0.194 -0.210 -0.098
0.5453 -0.515 0.1585 0.4825 0.3427 -0.070 0.0689 -0.003 0.2238 -0.045
0.6295 0.5390 -0.368 0.2887 -0.071 0.0119 0.1787 -0.153 -0.177 0.0392
0.6394 0.4743 0.3873 0.0462 -0.133 -0.103 0.0523 -0.038 -0.030 0.4246
0.7585 -0.449 0.0840 -0.173 0.1471 0.0539 -0.026 -0.040 0.3468 -0.195
0.5999 0.4811 -0.445 0.3222 -0.080 -0.198 0.1043 -0.159 -0.007 0.1529
0.5435 -0.117 -0.177 -0.617 0.1293 0.0312 0.0067 0.2791 -0.376 -0.201
0.1970 0.1703 -0.146 0.1060 0.1318 0.5777 -0.673 0.2447 0.1095 0.1509
0.6172 0.4410 0.4449 -0.010 -0.069 -0.257 -0.250 -0.068 0.0139 -0.295
0.6492 -0.612 -0.103 0.0701 -0.355 0.1544 -0.058 -0.172 0.0639 0.0007
0.6594 0.5325 -0.097 0.1669 -0.044 0.1838 0.3453 0.1959 0.1003 -0.201
0.6924 -0.625 -0.053 0.0775 -0.279 0.0950 0.0017 -0.132 0.0844 -0.089
0.6144 -0.423 -0.174 -0.383 -0.149 0.0291 -0.018 0.2206 -0.433 0.0720
0.6966 -0.068 -0.118 -0.499 -0.197 0.0771 0.0651 0.3290 -0.217 -0.203
0.4211 0.1628 -0.024 -0.415 0.4995 0.0784 0.0290 -0.564 0.2014 0.0855
0.7992 0.3450 0.2779 -0.142 0.0824 -0.076 0.1229 0.2111 0.2659 -0.039
0.5983 -0.260 -0.145 -0.645 0.0459 -0.020 -0.004 0.2553 -0.260 -0.025
0.6006 0.3072 0.3031 -0.207 -0.075 -0.150 0.1974 0.4187 0.3357 0.2327
0.5896 -0.350 -0.136 -0.333 -0.064 -0.004 -0.025 0.3014 -0.551 0.0215
0.5955 0.4034 0.3433 0.0669 -0.096 -0.084 0.1059 -0.090 -0.005 0.5694
0.5265 0.2983 0.3928 0.0353 -0.081 -0.316 -0.371 -0.376 -0.250 0.1700
0.5807 0.3159 0.5060 0.0570 -0.081 -0.298 -0.335 -0.273 -0.143 -0.014
0.5771 0.5435 -0.368 0.3046 -0.034 0.1485 0.3043 -0.083 -0.104 0.0962
0.8646 -0.299 0.1429 0.1681 0.2310 -0.112 -0.051 -0.114 -0.070 -0.165
0.6989 -0.005 -0.217 -0.533 0.2497 -0.012 -0.062 0.0457 -0.302 -0.137
0.4662 0.2959 -0.177 0.1901 0.1203 0.5928 -0.483 0.1536 0.0383 0.0538
0.7797 -0.527 -0.085 -0.117 0.0244 0.0470 0.0035 0.0243 0.2956 0.0372
0.6573 0.5444 -0.355 0.2235 0.0273 0.1830 0.1531 0.0071 -0.011 -0.193
0.6760 0.4164 0.2546 -0.078 -0.075 -0.060 0.1539 0.3057 0.2446 -0.334
0.4212 -0.018 -0.147 -0.642 0.4920 0.0776 0.0506 -0.338 0.1233 0.0867
0.5924 -0.520 0.1902 0.3896 0.4027 -0.079 0.0724 0.1092 0.0064 -0.067
0.7087 -0.111 -0.166 -0.441 0.0246 0.0287 -0.079 0.1532 -0.010 -0.480
0.6244 -0.466 -0.104 -0.231 -0.057 0.0455 -0.021 0.1466 -0.536 0.1107
0.5945 0.0560 -0.150 -0.626 0.3695 0.0674 0.0780 -0.278 0.0393 0.0390
0.7029 0.4492 0.2469 -0.104 -0.141 0.0202 0.2097 0.1956 0.0596 0.3549
0.8759 0.1244 -0.052 -0.247 0.0470 -0.059 0.1192 0.3220 0.1050 -0.136
0.6435 -0.551 0.1974 0.3607 0.2407 -0.053 0.0205 -0.019 0.1214 -0.190
0.6176 0.5498 0.0005 0.1969 -0.109 0.2488 0.3318 -0.140 -0.201 0.1824
0.8091 0.2992 -0.104 -0.096 -0.092 0.1885 0.2654 0.1856 0.0684 -0.286
0.5367 0.4784 -0.498 0.3652 -0.025 -0.098 0.1073 -0.239 -0.110 0.0974
0.5588 -0.456 -0.074 -0.094 -0.405 0.1573 0.0593 -0.241 0.3700 0.2770
0.5912 -0.623 0.1620 0.3738 0.2589 -0.047 0.0326 0.0349 0.1296 -0.083
0.5974 0.3436 0.3394 -0.147 0.0245 -0.138 -0.140 0.0788 0.0410 -0.583
0.7067 -0.232 -0.053 -0.358 -0.384 -0.000 0.0902 0.3219 -0.061 0.2280
0.5608 -0.498 -0.136 -0.118 -0.553 0.1793 -0.003 -0.206 -0.131 0.0737
0.6912 -0.103 -0.076 -0.571 0.1799 0.0614 0.0028 0.2551 0.0192 -0.278
0.5548 -0.553 -0.138 -0.060 -0.527 0.1642 -0.018 -0.221 0.0863 -0.023
0.6346 0.1388 0.2702 -0.222 -0.069 -0.089 0.1672 0.3486 0.4754 0.2587
0.6025 -0.448 0.2093 0.4479 0.4121 -0.102 0.0029 -0.057 -0.001 -0.084
0.6736 -0.231 -0.178 -0.414 0.2735 0.0659 -0.276 -0.025 -0.345 0.1159
0.7521 -0.076 -0.194 -0.439 -0.120 0.0138 0.0354 0.3126 -0.201 -0.207
0.5782 -0.290 -0.181 -0.290 -0.093 -0.017 -0.027 0.2902 -0.582 0.1748
0.6763 -0.364 0.0200 -0.115 -0.365 0.1009 0.1292 0.0238 0.4184 0.2454
0.5477 0.5436 -0.258 0.3155 -0.046 0.2945 0.3152 -0.138 -0.169 -0.042
0.7736 0.1752 0.1692 -0.330 0.0879 -0.006 0.1138 0.1777 0.1022 0.4126
0.8120 -0.400 -0.152 -0.248 -0.023 0.0623 0.0217 0.1263 -0.213 -0.169
0.6068 0.5196 -0.163 0.1927 0.0011 0.3258 0.3698 0.0112 -0.003 -0.234
0.6071 0.5316 -0.200 0.2446 -0.088 0.1549 0.3750 -0.087 -0.149 0.2154
0.5634 0.5021 -0.302 0.2531 0.0490 0.4560 0.1973 -0.004 -0.082 -0.137
0.6241 0.0129 -0.132 -0.637 0.2637 0.0020 0.0317 -0.094 -0.222 0.2381
0.7091 0.2028 0.1680 -0.088 0.0128 -0.183 0.0875 0.4364 0.3539 -0.250
0.4542 -0.020 -0.163 -0.661 0.4876 0.0534 0.0465 -0.240 0.1366 0.0990
0.6652 0.3528 0.3955 0.0438 -0.091 -0.241 -0.268 -0.327 -0.161 -0.051
0.6662 0.4939 -0.159 0.1973 0.1178 0.3290 0.2543 -0.082 -0.025 -0.231
0.7527 0.1334 0.1460 -0.356 0.1811 0.0131 0.1433 0.1787 0.0877 0.4166
0.5152 -0.516 0.1879 0.4317 0.4519 -0.096 0.0648 0.1104 -0.032 -0.124
0.6155 0.3512 0.3230 -0.170 -0.092 -0.125 0.0945 0.4127 0.2827 -0.284
0.4774 -0.515 0.1662 0.4576 0.4951 -0.071 0.0683 0.1085 -0.019 0.0487
0.7268 -0.476 -0.117 -0.028 -0.316 -0.019 0.0294 -0.075 0.3454 0.0612
0.6237 0.5390 -0.137 0.2908 -0.037 0.3783 0.0860 -0.130 -0.199 -0.089
0.4579 0.1171 -0.089 -0.532 0.5187 0.1628 0.0628 -0.313 0.2898 0.0517
0.4114 0.0945 -0.726 0.0376 -0.035 -0.493 -0.197 0.0640 -0.051 0.0435
0.7261 0.2437 0.2831 -0.311 0.0001 -0.165 0.0247 0.3601 0.2262 -0.164
0.6422 0.1777 -0.650 -0.181 0.2719 0.0920 -0.034 -0.053 -0.093 -0.063
0.6357 -0.243 -0.120 -0.578 -0.087 0.0169 -0.015 0.3745 -0.180 -0.076
0.6231 0.5181 -0.207 0.2266 -0.014 0.2645 0.3696 0.0182 0.0370 -0.200
0.5270 0.5532 -0.344 0.3489 -0.034 0.2070 0.2308 -0.177 -0.204 -0.072
0.5417 -0.656 0.0077 0.2324 -0.284 0.1228 0.0080 -0.246 0.2509 -0.038
0.7872 0.4191 -0.235 0.0028 -0.049 0.2459 0.2889 0.0234 -0.044 0.0007
0.5218 0.3456 0.4647 0.0799 -0.156 -0.273 -0.272 -0.293 -0.282 0.2148
0.6691 0.3031 0.3841 -0.027 0.0264 -0.186 -0.315 -0.119 0.0407 -0.401
0.6942 0.3742 -0.404 0.0782 -0.085 0.1398 0.2786 0.1907 -0.029 -0.258
0.6846 -0.357 -0.070 -0.479 -0.309 0.1133 0.0111 0.2165 -0.108 -0.033
0.6544 -0.459 -0.108 -0.254 -0.421 0.1032 -0.031 0.0031 -0.302 0.0577
0.6699 -0.162 -0.323 -0.342 -0.116 -0.256 -0.072 0.4407 -0.018 -0.153
0.7905 0.4287 0.3508 0.0221 -0.112 -0.121 0.0440 0.1756 0.0856 0.0035
0.6802 0.4389 0.2019 0.0514 0.0152 0.0377 -0.079 -0.086 0.0176 -0.534
0.5990 -0.127 -0.253 -0.663 0.3240 0.0374 -0.059 -0.016 -0.099 0.0014
0.6276 -0.375 -0.166 -0.445 -0.007 0.0441 -0.073 0.0862 -0.469 0.0624
0.4684 0.0772 -0.091 -0.584 0.4951 0.1215 0.1289 -0.343 0.1520 0.0844
0.6399 -0.462 -0.059 -0.177 -0.419 0.1062 -0.085 -0.078 -0.373 0.0397
0.6777 0.5159 -0.272 0.1886 -0.004 0.2286 0.2517 0.0164 -0.075 -0.207
0.6167 0.4490 0.1839 0.0996 -0.056 0.2131 -0.126 0.2416 0.1511 0.4777
0.7589 0.3796 0.3483 0.0927 -0.036 -0.257 -0.214 -0.184 -0.041 -0.002
0.4605 0.1204 -0.673 -0.044 0.1819 -0.468 -0.154 -0.079 0.1845 -0.016
0.7033 -0.097 -0.049 -0.582 0.2076 0.0590 -0.050 0.2943 -0.134 0.0104
0.7126 -0.386 -0.071 -0.396 -0.207 0.0145 -0.014 0.2928 -0.192 -0.121
0.5720 0.3774 0.4099 0.1313 -0.079 -0.319 -0.312 -0.264 -0.121 -0.232
0.6231 0.5085 0.3964 0.0695 -0.127 -0.116 -0.169 -0.174 -0.021 -0.318
0.7907 -0.138 0.1129 -0.327 0.4067 -0.094 -0.092 -0.048 0.0865 -0.206
0.6897 0.4803 0.3018 -0.062 -0.154 -0.091 0.1728 0.2916 0.2254 0.0258
0.7663 0.4297 0.2891 0.0762 -0.062 -0.293 -0.161 -0.120 0.0513 0.0712
0.7878 -0.441 -0.069 -0.331 0.0538 0.0238 -0.023 0.2173 -0.095 -0.096
0.6181 -0.011 0.0317 -0.441 -0.051 -0.060 -0.030 0.3919 -0.316 -0.400
0.7569 -0.632 -0.058 -0.029 0.0196 -0.040 -0.010 0.1190 -0.062 0.0413
0.6043 -0.513 -0.101 0.4651 0.2776 -0.174 0.0186 0.0185 0.1896 -0.028
0.5435 0.2324 -0.661 0.0431 0.1428 0.0297 -0.409 0.1345 0.0306 -0.052
0.6589 -0.558 0.1949 0.3462 0.2679 -0.122 -0.058 0.0237 -0.063 -0.036
0.4598 0.1588 0.0111 -0.405 0.4821 0.0529 0.0746 -0.510 0.2333 0.2081
0.5770 0.5128 -0.260 0.2561 0.0410 0.3254 0.3329 -0.018 0.0159 -0.227
0.5533 -0.413 -0.156 -0.297 -0.262 0.0802 -0.012 0.1055 -0.565 0.0620
0.4919 -0.503 0.2266 0.5262 0.3714 -0.098 -0.000 -0.073 0.0676 -0.137
0.6604 0.3564 0.3911 0.0569 -0.104 -0.172 -0.160 -0.254 -0.219 0.3182
0.4486 -0.523 0.1745 0.5263 0.4442 -0.064 0.0778 0.0405 0.0428 -0.075
0.8892 0.1974 0.0679 -0.190 -0.001 0.1034 0.2291 0.2255 -0.023 0.1209
0.5536 0.5908 0.0021 0.2882 -0.117 0.1534 0.1867 -0.177 -0.220 0.3295
0.7353 0.2420 0.4235 -0.128 -0.050 -0.228 -0.002 0.3107 0.2116 -0.093
0.4548 -0.518 0.1487 0.4814 0.4907 -0.066 0.1001 0.0992 -0.050 0.0531
0.6339 -0.592 0.1256 0.3724 0.0009 -0.009 -0.001 -0.163 0.2267 -0.118
0.7695 -0.214 0.2697 0.3837 0.3456 -0.111 -0.064 -0.045 -0.036 -0.049
0.5211 -0.562 0.1773 0.4527 0.3876 -0.055 0.0758 0.0224 0.1243 -0.030
0.6897 -0.259 -0.146 -0.563 0.0257 0.0065 0.0191 0.3184 -0.110 0.0573
0.7466 -0.515 -0.050 -0.256 0.0693 -0.047 -0.009 0.2837 -0.125 0.0706
0.8253 0.4861 0.1448 -0.059 0.0676 0.0978 0.1196 -0.166 -0.002 -0.040
0.4023 0.3366 -0.200 0.2181 0.1293 0.6403 -0.436 0.1178 0.0015 0.0749
0.6535 -0.601 0.1431 0.3181 0.2360 -0.037 0.0283 0.0515 -0.163 -0.047
0.7092 0.5630 -0.194 0.1740 0.0426 0.2956 0.1205 0.0684 0.0580 0.0046
0.2536 0.2335 -0.162 0.1739 0.1228 0.5949 -0.615 0.2107 0.0919 0.1549
0.4001 0.2797 -0.226 0.1291 0.1650 0.5820 -0.500 0.2508 0.1165 0.0258
0.6305 -0.606 -0.059 0.0007 -0.319 0.1363 0.0977 -0.080 0.2777 0.1282
0.6275 -0.494 -0.158 -0.196 -0.461 0.1043 -0.034 -0.045 -0.257 0.0679
0.7400 -0.531 -0.012 0.2437 -0.043 0.0577 0.0162 -0.217 0.2128 -0.111
0.7659 0.4840 0.2654 -0.026 -0.101 0.0169 0.1720 0.0292 0.0357 0.2559
0.8264 0.3559 0.0837 -0.143 0.0651 0.1250 0.0873 0.1715 -0.062 -0.318
0.7670 -0.388 -0.054 -0.131 -0.159 0.0553 -0.004 0.0219 0.3247 -0.326
0.6419 -0.641 -0.073 0.0818 -0.336 0.1235 -0.053 -0.162 0.0804 -0.014
0.6578 0.2475 0.2019 -0.234 0.2465 -0.091 -0.214 -0.130 0.1941 -0.490
0.6244 0.3881 0.3266 -0.127 -0.048 -0.139 -0.245 -0.005 -0.013 -0.504
0.7885 -0.561 -0.060 -0.094 -0.034 0.1420 0.0391 -0.080 0.0387 0.1381
0.6778 0.3074 0.5142 -0.103 -0.100 -0.251 -0.129 -0.004 0.0162 0.2838
0.5131 0.2674 0.0601 -0.414 0.3560 0.0267 0.1356 -0.330 0.2070 0.4381
0.7369 -0.172 0.4270 0.2968 0.1787 -0.274 -0.149 0.0337 0.0524 -0.152
0.6052 -0.404 0.1355 0.3606 0.4633 -0.168 0.0014 0.1905 -0.204 0.0092
0.5498 -0.576 0.1486 0.4007 0.3906 -0.061 0.0425 0.0654 -0.133 -0.049
0.6621 0.3568 0.3193 0.0396 0.0068 -0.060 -0.225 -0.113 0.0011 -0.513
0.5108 0.0594 -0.749 -0.079 0.1030 -0.307 -0.207 0.0482 -0.047 0.1216
0.5686 -0.532 0.1831 0.4301 0.3401 -0.068 0.0205 0.0788 -0.187 -0.110
0.7067 -0.548 -0.350 0.0097 -0.149 -0.178 -0.119 0.0610 -0.004 0.0679
0.7462 -0.401 -0.142 -0.475 -0.155 0.0531 -0.006 0.0879 -0.015 -0.027
0.7703 -0.159 -0.061 -0.470 0.0227 -0.010 -0.057 0.1287 -0.296 -0.219
0.8345 -0.455 -0.169 -0.154 -0.077 0.0888 0.0074 -0.003 -0.077 -0.153
0.6912 -0.533 -0.142 -0.238 -0.224 0.0716 -0.056 -0.021 -0.303 -0.096
0.5483 0.1593 -0.747 -0.033 0.1190 -0.222 -0.215 0.0602 -0.003 -0.020
0.6530 -0.405 0.2015 0.1466 -0.304 -0.117 -0.277 -0.341 0.1369 -0.167
0.7078 0.4782 -0.019 0.1488 0.0411 0.2016 0.3807 0.1076 0.1404 -0.170
0.7631 -0.060 0.1299 -0.389 0.1590 -0.114 0.0762 0.3609 0.2281 -0.136
0.3456 0.2352 -0.060 0.1211 0.0989 0.5561 -0.594 0.2997 0.1570 0.1419
0.6739 0.3975 0.1475 -0.066 -0.082 -0.019 0.3389 0.4231 0.2363 0.0663
0.7523 -0.130 0.3785 0.1898 0.1197 -0.172 -0.220 -0.071 -0.006 -0.373
0.8056 0.3830 0.2642 -0.148 0.0290 0.0420 0.1257 0.2321 0.1940 0.0465
0.6102 -0.536 0.1324 0.2995 0.3712 -0.074 -0.037 0.1492 -0.251 0.0501
0.7741 0.4848 0.3547 0.0206 -0.000 -0.032 -0.017 -0.087 0.0152 0.1737
0.9143 -0.056 0.0465 -0.238 0.0877 0.0546 0.0979 0.0687 0.1171 0.2509
0.8274 0.4268 0.2168 0.0092 0.0033 0.0458 -0.066 -0.136 -0.170 -0.178
0.6950 -0.622 0.1016 0.2098 -0.067 0.0232 -0.074 -0.156 0.0649 -0.189
0.6868 0.4423 -0.185 0.1059 -0.012 0.3691 0.2978 0.0966 -0.054 -0.222
0.5782 -0.587 0.2270 0.4246 0.2795 -0.076 -0.003 -0.006 0.0305 -0.062
0.6397 -0.534 0.1838 0.3659 0.3316 -0.081 0.0027 -0.000 -0.060 -0.128
0.8611 0.2013 0.2335 -0.202 0.2181 0.0386 0.1378 0.1914 0.1038 0.0822
0.5428 -0.012 -0.150 -0.506 0.4780 0.0190 0.0920 -0.333 0.1323 0.2443
0.4797 -0.500 0.2069 0.4854 0.4620 -0.081 0.0747 0.0806 -0.090 -0.013
0.8371 0.3814 0.2256 -0.173 0.0570 0.0951 0.0655 0.1436 0.0564 -0.179
0.7092 0.5938 0.0068 0.1995 -0.115 0.0198 0.2830 0.0457 0.0612 0.0689
0.5517 0.3602 0.3983 -0.042 -0.086 -0.195 -0.103 0.1774 0.2321 -0.513
0.7523 0.2373 0.2344 -0.005 0.0987 0.0651 -0.114 0.0812 0.0255 -0.536
0.6838 -0.566 0.0682 0.3188 0.2776 -0.024 0.0766 0.0469 -0.126 -0.059
0.7560 -0.202 0.0646 -0.414 0.2936 0.0648 -0.008 0.0629 0.3036 -0.157
0.9078 0.0726 0.1369 -0.243 0.0974 -1.508 0.1340 0.2528 -0.031 0.0119
0.6548 -0.341 -0.065 -0.501 -0.321 0.0454 0.0477 0.2397 -0.132 0.1284
0.6978 0.3175 0.3026 -0.068 0.0731 -0.100 -0.262 -0.109 -0.055 -0.465
0.5784 0.1300 -0.687 -0.074 0.1126 -0.047 -0.338 0.1099 -0.125 0.1153
0.7435 -0.554 -0.171 -0.286 -0.140 0.0716 -0.008 -0.016 0.0531 -0.011
0.7778 -0.012 0.1183 -0.469 -0.205 -0.095 0.0837 0.2869 0.0288 0.1386
0.5309 -0.592 0.1301 0.4512 0.3748 -0.048 0.0542 0.0213 0.0060 -0.011
0.7000 -0.037 -0.081 -0.549 -0.088 0.1017 0.1243 0.2430 -0.091 -0.314
0.3767 0.1952 -0.751 0.1572 0.0525 -0.441 -0.133 0.0133 0.1239 0.0168
0.8231 -0.178 0.2875 0.0703 0.3152 -0.097 0.0802 0.2922 -0.018 -0.041
0.7053 0.3366 -0.391 -0.054 0.2411 0.4053 0.0189 0.0480 -0.049 -0.072
0.5142 -0.144 -0.163 -0.678 0.4423 0.0553 -0.016 -0.159 0.0156 0.0498
0.6198 -0.159 -0.223 -0.649 0.2949 0.0599 -0.025 -0.052 -0.139 0.0719
0.5835 0.5129 -0.488 0.2674 0.0230 0.0947 0.2070 -0.071 -0.046 -0.162
0.6187 0.5534 -0.111 0.2706 -0.084 0.2372 0.3892 -0.064 -0.077 0.0070
0.7026 -0.381 -0.171 -0.333 -0.397 -0.059 -0.075 0.1856 -0.121 -0.058
0.6494 0.5125 0.2621 -0.012 -0.168 -0.115 0.0414 0.0174 -0.058 0.4464
0.7182 0.1031 0.0856 -0.495 0.0348 -0.101 -0.008 0.3577 0.1082 -0.262
0.5542 -0.047 -0.140 -0.701 0.4086 0.0145 0.0257 -0.095 0.0218 0.0270
0.3346 0.0658 -0.741 0.0812 -0.017 -0.520 -0.212 0.0212 0.0424 0.0884
0.6160 -0.710 -0.005 0.2985 0.0072 0.0159 0.0241 -0.101 -0.056 0.1066
0.6226 0.3488 0.4045 0.0267 -0.117 -0.250 -0.186 -0.217 -0.237 0.3338
0.5154 -0.597 0.1019 0.4790 0.3521 -0.050 0.0808 0.0456 -0.032 0.0395
0.3222 0.1584 -0.259 -0.178 0.4569 0.5122 -0.402 -0.180 0.2467 0.2120
0.6761 -0.511 0.2104 0.3482 0.2669 -0.075 0.0880 0.1535 0.0839 0.0238
0.8543 0.3914 0.1872 -0.060 0.0499 0.0545 -0.014 -0.018 -0.060 -0.261
0.6661 -0.654 0.0347 0.2898 0.0475 0.0679 0.0925 -0.014 0.0982 -0.131
0.5552 -0.601 0.1612 0.3862 0.3375 -0.043 0.0444 0.0776 -0.176 0.0077
0.6318 0.4711 -0.332 0.2058 0.0774 -0.273 -0.054 -0.353 -0.090 0.0950
0.6680 0.3549 0.3438 -0.165 -0.057 -0.115 0.1515 0.2372 0.2511 0.3508
0.6578 0.4625 -0.429 0.2193 -0.045 0.0653 0.1613 0.1095 0.0115 -0.276
0.4389 0.1697 -0.696 -0.183 0.3521 -0.189 -0.075 -0.269 0.1425 0.0408
0.5427 -0.579 0.1423 0.4650 0.3401 -0.039 0.0641 -0.036 0.0887 -0.052
0.5566 -0.650 0.0942 0.4048 0.1490 0.0216 0.0485 -0.119 0.2093 -0.103
0.6795 0.0838 -0.197 -0.088 -0.241 0.2072 0.3982 0.3375 0.1572 -0.292
0.6952 -0.507 0.1520 0.2711 0.3128 0.0233 0.0292 0.1546 -0.166 -0.105
0.5899 -0.561 0.2007 0.4510 0.2636 -0.071 0.0472 0.0067 0.1257 -0.025
0.3610 0.0930 -0.315 -0.451 0.5240 0.1182 0.0394 -0.469 0.1952 0.0913
0.3614 -0.119 -0.243 -0.685 0.4562 0.0377 -0.001 -0.308 -0.114 0.0927
0.6856 -0.628 -0.027 -0.037 -0.086 0.0715 0.0409 -0.089 0.1016 0.3171
0.3221 0.3106 -0.097 0.2148 0.0789 0.5980 -0.571 0.1199 0.0148 0.1973
0.5949 -0.108 -0.151 -0.584 0.0137 -0.087 -0.048 0.3812 -0.324 -0.094
0.8390 -0.291 0.1227 -0.033 -0.136 -0.119 -0.208 -0.181 -0.080 -0.281
0.6107 -0.455 0.0784 0.1916 0.4729 -0.068 0.0224 0.2303 -0.304 -0.042
0.7535 0.4542 0.3970 0.0214 -0.135 -0.140 -0.123 -0.110 -0.030 0.0382
0.7493 0.4432 0.3959 -0.087 -0.029 -0.133 -0.087 -0.055 -0.014 0.2190
0.8511 -0.227 0.0944 -0.257 -0.253 -0.023 -0.091 0.0073 -0.266 -0.064
0.5336 0.4187 -0.653 0.1944 0.0904 -0.084 0.1165 -0.198 -0.051 -0.065
0.7246 -0.071 0.0627 -0.227 0.5674 -0.044 -0.037 -0.095 0.1913 -0.207
0.8279 0.3087 0.0539 -0.170 0.0244 0.2087 0.3139 0.2032 0.0532 -0.018
0.6568 0.4413 0.1537 0.0793 -0.059 0.1083 0.3275 0.3276 0.2845 -0.180
0.6991 -0.651 0.1080 0.2663 0.0278 0.0193 0.0314 0.0030 -0.015 0.0419
0.8517 0.0484 -0.104 -0.403 0.2019 0.0975 -0.001 0.0642 -0.206 0.0361
0.6802 -0.640 0.0818 0.2683 0.0929 0.0399 0.1016 0.1184 -0.043 0.1105
0.8227 -0.110 0.0064 -0.448 0.0523 0.0371 0.1278 0.1066 0.2777 0.0197
0.7584 0.2046 -0.297 -0.358 0.1059 0.1699 0.1149 0.1352 -0.269 -0.147
0.7745 0.3396 0.3413 -0.330 0.0517 -0.129 -0.028 0.0646 0.1037 0.1549
0.6862 -0.641 0.1081 0.2761 0.1185 -0.002 0.0434 0.0601 -0.090 0.0397
0.5452 0.4012 -0.204 0.1444 0.1264 0.5617 -0.329 0.0977 0.0042 0.1720
0.6179 -0.601 -0.260 -0.049 -0.039 -0.107 -0.077 0.1699 -0.357 0.1039
0.5295 -0.612 0.1308 0.3952 0.2009 -0.023 0.0559 -0.059 0.3407 0.0832
0.6859 -0.306 0.1327 0.0650 -0.375 0.0414 -0.124 -0.242 0.3121 -0.314
0.5492 -0.661 0.0942 0.4207 0.2141 0.0137 0.0859 0.0035 0.0608 0.1336
0.5153 -0.576 0.1443 0.4820 0.2839 -0.036 0.0552 -0.102 0.2125 -0.089
0.7987 -0.235 0.2787 0.1698 0.0395 -0.232 -0.311 -0.118 -0.074 -0.166
0.6607 -0.641 -0.017 0.2997 0.1228 0.0150 0.0550 0.0090 0.0882 0.1889
0.5563 -0.595 0.1881 0.4022 0.3347 -0.066 0.0430 0.0265 0.0961 -0.102
0.5921 0.3611 -0.642 0.2250 0.0681 -0.052 -0.082 -0.160 -0.070 -0.101
0.6758 -0.364 -0.139 -0.426 0.0916 0.0851 0.0338 0.0930 -0.421 0.0829
0.7132 -0.421 -0.094 -0.386 -0.212 0.0314 -0.003 0.1663 -0.270 -0.089
0.8475 -0.212 0.1603 0.0924 0.3540 0.0608 0.0252 0.1058 -0.216 0.1212
0.7818 -0.549 0.1126 0.1997 0.1282 -0.063 -0.011 0.0562 0.0527 -0.086
0.6320 -0.684 -0.026 0.3305 -0.012 0.0679 0.0534 -0.073 0.0862 0.0352
0.5668 -0.456 -0.102 -0.112 -0.340 0.0650 -0.013 0.0228 -0.539 0.1880
0.7161 -0.596 0.0127 0.2587 -0.080 0.1125 0.0651 -0.039 0.1916 -0.054
0.6407 -0.260 -0.293 -0.356 -0.056 -0.016 -0.044 0.2542 -0.485 0.0488
0.6588 -0.645 0.1066 0.2980 0.1106 0.0014 0.0912 0.1149 -0.038 0.1188
0.4618 0.1179 -0.722 -0.052 0.0775 -0.454 -0.167 0.0276 0.0711 -0.037
0.6409 -0.539 0.1440 0.4403 0.2445 -0.025 0.0345 -0.108 0.0652 -0.075
0.5218 -0.579 0.1272 0.4888 0.2910 -0.059 0.0354 -0.097 0.1524 -0.121
0.5107 -0.053 -0.103 -0.620 0.5255 0.0760 0.0267 -0.165 0.1735 0.0172
0.6462 -0.566 -0.039 -0.092 -0.260 0.1537 -0.029 -0.263 0.2813 -0.102
0.7513 0.4830 0.3785 -0.020 -0.026 -0.133 -0.075 -0.037 0.0391 -0.176
0.5863 -0.519 -0.162 -0.134 -0.123 0.0202 -0.023 0.1837 -0.531 0.0994
0.5372 -0.650 0.1245 0.4523 0.0539 0.0248 0.0289 -0.158 0.1890 -0.046
0.8477 0.3219 -0.120 -0.046 -0.015 -0.002 0.0538 0.1659 -0.010 -0.360
0.3463 0.0777 -0.762 0.0174 0.0141 -0.503 -0.168 0.0484 -0.005 0.0856
0.8163 -0.477 0.0926 0.0502 -0.170 0.0549 0.1118 0.1106 0.1904 0.0349
0.7649 0.4362 0.3045 -0.104 -0.074 -0.182 0.0082 0.1840 0.1411 -0.168
0.3696 0.2843 -0.774 0.2085 0.0297 -0.350 -0.095 0.0368 0.0619 -0.021
0.3308 0.0702 -0.760 0.0530 0.0139 -0.511 -0.177 0.0590 0.0005 0.0915
0.6629 -0.615 0.1099 0.3089 0.0060 0.0270 0.0294 -0.113 0.2422 0.0306
0.7630 -0.486 0.0567 0.1459 0.3059 -0.043 -0.000 -0.201 0.1400 0.0366
0.6566 -0.557 0.0702 0.2044 0.3693 -0.023 0.0050 0.1242 -0.241 0.0018
0.6188 0.2916 0.2872 -0.046 0.0019 -0.101 -0.285 -0.025 0.0295 -0.594
0.6624 0.4194 0.4267 0.0276 -0.129 -0.198 -0.221 -0.219 -0.170 -0.140
0.6868 -0.588 0.0982 0.1868 0.1254 -0.006 0.0565 0.2190 -0.259 0.0531
0.6293 -0.474 -0.142 -0.321 -0.447 0.1688 0.0135 -0.156 -0.005 0.0421
0.6446 0.2127 0.0768 -0.461 0.3070 -0.067 -0.154 -0.378 0.0466 -0.227
0.6904 -0.644 0.1259 0.2688 0.0572 0.0297 0.0867 0.0763 -0.027 -0.030
0.6440 -0.674 -0.024 0.3030 0.0266 0.0248 0.0462 0.0194 -0.058 0.1738
0.6442 0.3165 0.1900 -0.028 -0.012 -0.074 -0.208 -0.120 -0.040 -0.618
0.7952 0.4814 0.2559 -0.055 -0.094 -0.182 -0.123 -0.001 -0.069 0.0704
0.6728 0.6020 0.0031 0.1787 -0.078 0.2634 0.1275 0.0292 0.0133 -0.244
0.6964 -0.537 -0.023 -0.058 0.1513 -0.008 -0.012 0.1646 -0.413 0.0396
0.7097 -0.590 -0.082 -0.121 -0.272 0.1637 -0.046 -0.092 -0.026 0.1181
0.7583 -0.448 -0.066 -0.219 -0.338 0.1195 0.0466 0.0278 0.1684 0.1042
0.7133 -0.568 0.1699 0.3454 0.1095 -0.029 0.0410 0.0135 0.0725 -0.016
0.7687 -0.413 0.1738 0.1344 -0.161 -0.100 -0.016 -0.034 0.3829 0.0701
0.7744 -0.512 -0.002 -0.001 0.2857 0.0251 0.0806 0.2008 -0.091 0.0059
0.7369 -0.573 -0.094 0.0703 -0.292 0.0805 -0.031 -0.142 0.0349 -0.016
0.6574 0.0653 -0.465 -0.337 0.1326 0.2217 -0.164 0.1040 -0.356 -0.033
0.7202 -0.608 0.0510 0.2625 0.0671 -0.046 0.0774 0.1000 0.0145 0.1302
0.7998 -0.366 0.0985 -0.016 -0.385 0.1247 0.0295 -0.189 0.0602 0.1057
0.8351 0.3559 -0.047 0.0011 -0.017 0.0868 0.2311 0.1812 -0.239 -0.148
0.8201 -0.174 0.2558 0.0665 -0.305 -0.027 -0.030 -0.159 0.1993 0.2584
0.5118 0.3330 -0.617 0.2281 0.0800 0.0622 -0.403 0.1129 0.0699 0.0599
0.5814 0.4030 -0.526 0.2908 -0.066 -0.133 0.1617 -0.134 -0.230 0.1338
0.6925 -0.652 0.1162 0.2197 0.1205 -0.009 0.0259 0.0294 0.0734 -0.104
0.4926 0.3445 -0.558 0.3058 0.0403 0.0129 -0.423 0.1348 0.1354 0.1243
0.7879 -0.165 0.3373 0.1481 0.3163 -0.096 0.1164 0.2493 0.1539 0.0843
0.8350 -0.311 0.0654 0.0220 -0.181 0.0986 0.2247 0.2459 0.2046 -0.073
0.8361 -0.248 0.1718 0.0321 -0.215 0.0795 0.1093 -0.014 0.3355 0.1772
0.4221 0.2431 -0.676 0.1710 -0.009 -0.497 -0.100 -0.000 0.1090 0.0831
0.6990 -0.587 -0.061 -0.044 -0.199 0.0524 -0.002 -0.014 -0.245 0.2393
0.6969 0.4733 -0.075 0.0415 0.0729 0.2734 0.0727 0.0055 0.0293 -0.443
0.6006 0.2542 -0.637 0.0770 0.1094 0.3465 -0.125 0.0599 -0.105 0.0057
0.0 0.0 0.0 0.0 0.0 0.0 0.0 0.0 0.0 0.0
0.0 0.0 0.0 0.0 0.0 0.0 0.0 0.0 0.0 0.0
0.0 0.0 0.0 0.0 0.0 0.0 0.0 0.0 0.0 0.0
0.0 0.0 0.0 0.0 0.0 0.0 0.0 0.0 0.0 0.0
0.0 0.0 0.0 0.0 0.0 0.0 0.0 0.0 0.0 0.0
0.0 0.0 0.0 0.0 0.0 0.0 0.0 0.0 0.0 0.0
0.0 0.0 0.0 0.0 0.0 0.0 0.0 0.0 0.0 0.0
0.7636 0.0141 -0.127 -0.462 -0.084 0.0967 0.0803 0.2637 -0.148 -0.267
0.0 0.0 0.0 0.0 0.0 0.0 0.0 0.0 0.0 0.0
