-0.675 0.2007 -0.147 0.6623 -0.134 -0.071 -0.003 0.0268 -0.131 -0.049
-0.711 -0.446 0.4235 0.0562 0.1207 0.2251 0.0066 0.1202 0.1062 0.1469
-0.632 0.1801 -0.160 0.6925 -0.184 -0.062 0.0607 0.0778 -0.109 -0.045
-0.746 -0.485 0.3664 0.0297 0.1069 0.1752 0.0189 0.1141 0.0993 0.0755
-0.745 -0.436 0.2529 0.0874 0.0658 0.0504 0.2152 0.2884 0.2105 0.0309
-0.692 -0.372 0.4320 -0.029 0.0865 0.2864 -0.237 -0.182 -0.105 -0.058
-0.614 0.0900 -0.163 0.6901 -0.309 -0.049 0.0473 -0.026 -0.100 -0.004
-0.670 -0.349 0.3420 0.1522 0.1014 0.1421 0.1697 0.3775 0.2207 0.1943
-0.677 -0.167 0.0618 0.5871 -0.252 0.0279 0.1784 0.1790 0.1698 0.0870
-0.648 0.1949 -0.152 0.6719 -0.186 -0.002 0.0277 0.1515 -0.047 -0.080
-0.662 0.1700 -0.117 0.6570 -0.094 -0.058 0.0426 0.2043 -0.116 -0.128
-0.758 -0.453 0.2203 0.0387 0.0847 -0.038 0.1574 0.3208 0.1817 -0.000
-0.615 0.1551 -0.159 0.7038 -0.234 -0.045 0.0613 0.0777 -0.090 -0.039
-0.630 0.1582 -0.169 0.6978 -0.191 -0.077 0.0484 0.0635 -0.105 -0.033
-0.642 0.1756 -0.155 0.6978 -0.140 -0.041 0.0548 0.1057 -0.087 -0.047
-0.713 0.2216 -0.103 0.6307 -0.109 0.0057 -0.029 0.0859 -0.070 -0.088
-0.664 0.1561 -0.138 0.6618 -0.110 -0.044 0.0148 0.1774 -0.084 -0.154
-0.671 0.1477 -0.154 0.6506 -0.112 -0.039 0.0081 0.1719 -0.106 -0.156
-0.775 0.4279 -0.153 0.3769 0.0749 -0.083 -0.027 -0.181 0.0362 -0.040
-0.625 0.1701 -0.157 0.7092 -0.206 -0.044 0.0495 0.0255 -0.061 -0.029
-0.741 0.2858 -0.165 0.5369 -0.175 -0.074 -0.022 -0.103 -0.077 0.0107
-0.629 0.5724 -0.156 0.1780 0.3366 -0.097 -0.041 -0.043 -0.300 0.0604
-0.551 -0.509 -0.255 -0.320 -0.000 -0.375 0.2331 -0.180 -0.182 -0.079
-0.558 -0.515 -0.254 -0.308 0.0082 -0.379 0.2215 -0.170 -0.183 -0.083
-0.573 -0.517 -0.276 -0.302 0.0158 -0.325 0.2742 -0.138 -0.157 -0.095
-0.568 0.0610 -0.179 0.7188 -0.322 -0.032 0.0503 0.0239 -0.121 -0.030
-0.675 -0.413 0.4843 0.0667 0.1409 0.2575 -0.046 0.0978 0.0617 0.1785
-0.731 -0.207 0.1075 0.5075 -0.149 0.0520 0.1670 0.2524 0.0982 0.1598
-0.731 -0.207 0.1075 0.5075 -0.149 0.0520 0.1670 0.2524 0.0982 0.1598
-0.741 -0.195 0.1119 0.4844 -0.157 0.0472 0.1753 0.2605 0.1082 0.1633
-0.683 0.1946 -0.108 0.5709 0.0245 0.0161 -0.005 0.3271 -0.158 -0.154
-0.745 -0.376 0.3265 0.0920 0.0722 0.1463 0.0791 0.2890 0.2235 -0.141
-0.694 -0.214 0.1001 0.5361 -0.189 0.0452 0.1921 0.2034 0.1776 0.1635
-0.747 0.3580 -0.186 0.4983 -0.034 -0.083 -0.035 -0.122 -0.071 -0.001
-0.647 -0.358 0.3074 0.1542 0.1018 0.1228 0.2069 0.4042 0.2518 0.1958
-0.622 0.1501 -0.079 0.5187 0.1735 -0.002 0.0254 0.4077 -0.343 -0.007
-0.623 0.1783 -0.087 0.5123 0.1545 -0.007 0.0132 0.3893 -0.364 0.0068
-0.587 -0.508 -0.355 -0.312 0.0289 -0.275 0.2169 -0.150 -0.140 -0.075
-0.674 0.1850 -0.069 0.5182 0.1347 0.0052 0.0182 0.3758 -0.279 -0.016
-0.634 0.1622 -0.119 0.5255 0.1636 0.0008 0.0032 0.3888 -0.310 -0.078
-0.706 -0.387 0.3269 0.1148 0.0977 0.1252 0.1723 0.3348 0.2207 0.1183
-0.617 0.1706 -0.087 0.5413 0.1319 -0.001 0.0194 0.3845 -0.350 0.0248
-0.658 0.1895 -0.121 0.6333 -0.026 -0.066 0.0456 0.2535 -0.145 -0.149
-0.790 0.3233 -0.124 0.4486 -0.152 -0.059 -0.015 -0.158 -0.014 -0.032
-0.649 0.1464 -0.069 0.5278 0.1555 0.0008 0.0374 0.4206 -0.255 -0.067
-0.632 0.1573 -0.082 0.5217 0.1637 0.0090 0.0223 0.4222 -0.297 -0.037
-0.653 -0.366 0.4673 -0.071 0.1140 0.2441 -0.236 -0.232 -0.174 0.0465
-0.687 0.1738 -0.136 0.6232 -0.080 -0.014 0.0228 0.2486 -0.082 -0.119
-0.736 -0.373 0.3321 0.1616 0.0670 0.1011 0.1643 0.3192 0.1751 0.0897
-0.688 -0.447 0.4398 -0.022 0.0804 0.2352 -0.164 -0.202 -0.031 -0.035
-0.638 0.1554 -0.097 0.5706 0.0979 -0.001 0.0195 0.3336 -0.332 0.0361
-0.814 0.4019 -0.081 0.3356 -0.159 -0.053 -0.013 -0.160 0.0214 -0.032
-0.758 0.3678 -0.127 0.4144 -0.253 -0.032 0.0238 0.0050 -0.174 0.0679
-0.809 0.3653 -0.205 -0.097 0.2177 -0.173 0.0524 -0.129 -0.224 -0.111
-0.637 0.5668 -0.135 0.1059 0.2373 -0.080 -0.054 0.0795 -0.402 0.0937
-0.708 -0.245 0.1532 0.4448 -0.080 0.0690 0.2091 0.3115 0.1919 0.1640
-0.743 0.2556 -0.182 0.5426 -0.184 -0.070 -0.020 -0.120 -0.027 0.0032
-0.590 0.0232 -0.128 0.7081 -0.333 -0.069 0.0794 -0.076 0.0356 -0.054
-0.618 -0.506 -0.150 -0.186 0.0336 -0.264 0.4438 0.1327 0.0804 -0.105
-0.725 -0.245 0.1453 0.4448 -0.101 0.0669 0.1841 0.2951 0.1897 0.1505
-0.514 -0.489 -0.211 -0.308 0.0173 -0.424 0.2708 -0.183 -0.254 -0.063
-0.543 -0.520 -0.272 -0.313 -0.004 -0.369 0.2321 -0.175 -0.200 -0.026
-0.602 -0.365 0.3231 0.1456 0.1095 0.1367 0.2142 0.3832 0.2610 0.2944
-0.582 0.5206 -0.158 0.1633 0.4986 -0.133 -0.044 -0.094 -0.244 0.0326
-0.716 -0.254 0.1571 0.4460 -0.104 0.0672 0.1984 0.3023 0.1661 0.1579
-0.580 0.5410 -0.162 0.1525 0.4696 -0.135 -0.069 -0.053 -0.265 0.0608
-0.757 -0.263 0.1660 0.3519 -0.000 0.0774 0.1928 0.3074 0.1640 0.2029
-0.761 0.3103 -0.172 0.5104 -0.114 -0.048 -0.004 -0.086 -0.090 0.0413
-0.708 -0.274 0.1532 0.4734 -0.182 0.0432 0.1999 0.1598 0.1941 0.1927
-0.778 0.2838 -0.093 0.4688 -0.252 -0.020 -0.032 -0.118 -0.074 -0.026
-0.475 0.0385 -0.149 0.6904 -0.439 -0.065 0.0531 -0.251 0.0715 0.0699
-0.767 0.3315 -0.165 0.4779 -0.069 -0.089 -0.005 -0.179 -0.000 0.0207
-0.630 0.5610 -0.150 0.1829 0.3691 -0.102 -0.040 -0.050 -0.281 0.0390
-0.586 -0.568 -0.169 -0.282 0.0590 -0.269 0.3171 -0.125 -0.175 0.0289
-0.726 -0.344 0.3067 0.1709 0.0288 0.0815 0.0724 0.3135 0.2018 -0.280
-0.582 -0.562 -0.166 -0.279 0.0557 -0.286 0.3242 -0.127 -0.175 -0.003
-0.391 -0.151 -0.729 -0.131 0.0081 0.4882 -0.172 0.0547 0.0120 0.0564
-0.555 -0.530 -0.374 -0.320 0.0213 -0.292 0.2303 -0.073 -0.133 -0.059
-0.521 0.0774 -0.173 0.6901 -0.412 0.0039 0.0019 -0.160 -0.025 0.1389
-0.717 0.2776 -0.186 0.5633 -0.161 -0.101 0.0519 -0.125 0.0191 -0.021
-0.550 0.0973 -0.187 0.6934 -0.371 -0.083 0.0381 -0.156 0.0129 0.0259
-0.686 0.6114 -0.128 -0.009 0.2634 -0.057 -0.043 -0.097 -0.232 -0.003
-0.720 -0.367 0.3141 0.1592 0.1200 0.1198 0.1717 0.3473 0.1729 0.1118
-0.690 -0.452 0.4161 -0.016 0.0739 0.2141 -0.146 -0.238 -0.041 0.1131
-0.708 -0.442 0.3812 0.0131 0.0524 0.1937 -0.176 -0.268 -0.082 0.0777
-0.649 0.1016 -0.132 0.6804 -0.279 -0.061 0.0409 -0.066 0.0039 -0.001
-0.509 -0.076 -0.042 0.5280 -0.514 -0.054 0.0001 -0.377 0.2060 -0.040
-0.659 0.1608 -0.134 0.6895 -0.199 -0.054 0.0368 -0.011 -0.034 0.0013
-0.681 -0.424 0.2877 0.1682 0.0635 0.0213 0.1940 0.3833 0.2094 0.1061
-0.635 0.2663 -0.154 0.5720 0.0869 -0.076 -0.004 0.2356 -0.290 -0.145
-0.789 0.3886 -0.057 0.3741 -0.166 -0.079 0.0052 -0.193 0.0688 -0.074
-0.653 0.6178 -0.107 0.0871 0.2882 -0.111 0.0434 -0.044 0.1905 0.1892
-0.567 0.5573 -0.167 0.1621 0.4289 -0.123 -0.038 -0.063 -0.319 0.0766
-0.567 0.5594 -0.164 0.1560 0.4335 -0.123 -0.038 -0.063 -0.313 0.0805
-0.722 -0.382 0.2750 0.2094 0.0410 0.0438 0.1934 0.3642 0.1966 0.0131
-0.655 -0.563 -0.256 -0.238 -0.020 -0.329 0.0306 -0.098 -0.101 0.0200
-0.825 -0.359 0.2996 0.1507 0.0645 0.1949 -0.045 0.1772 0.0002 -0.038
-0.420 0.0181 -0.167 0.6390 -0.497 -0.028 0.0359 -0.320 0.0550 0.1771
-0.718 0.4573 -0.097 0.3566 0.3451 -0.103 0.0348 0.0195 0.0819 -0.016
-0.694 0.5797 -0.125 0.0603 0.2950 -0.077 -0.072 -0.043 -0.248 0.0275
-0.722 0.1911 -0.096 0.5560 -0.156 -0.014 0.0471 0.2230 -0.121 -0.178
-0.591 0.5540 -0.161 0.1640 0.4013 -0.106 -0.048 -0.066 -0.326 0.0626
-0.692 0.3451 -0.202 0.5485 -0.213 -0.032 -0.001 0.0159 -0.060 -0.096
-0.710 -0.251 0.1748 0.4306 -0.114 0.0695 0.2020 0.2652 0.2092 0.2088
-0.710 0.1946 -0.131 0.5978 -0.233 -0.057 0.0183 -0.157 -0.010 -0.017
-0.616 -0.539 -0.281 -0.256 -0.045 -0.394 -0.107 -0.055 -0.079 0.0716
-0.714 -0.305 0.2250 0.3294 -0.024 0.0648 0.2170 0.3130 0.1885 0.2258
-0.708 0.2301 -0.136 0.5870 -0.255 -0.050 0.0299 -0.112 -0.016 0.0168
-0.806 -0.360 0.3145 0.1909 -0.000 0.1676 -0.110 0.0841 0.0621 -0.180
-0.610 0.5476 -0.202 0.1378 0.3827 -0.073 -0.050 -0.060 -0.322 0.0738
-0.679 0.6213 -0.097 -0.021 0.2862 -0.080 -0.041 -0.135 -0.183 -0.012
-0.712 0.2406 -0.144 0.5773 -0.235 -0.066 0.0320 -0.137 -0.009 0.0133
-0.572 -0.404 0.3267 0.1411 0.1325 0.1099 0.2388 0.3555 0.2236 0.3454
-0.713 0.2467 -0.124 0.5468 -0.306 -0.054 0.0328 -0.113 -0.064 0.0155
-0.722 0.2373 -0.123 0.5642 -0.242 -0.077 0.0382 -0.144 0.0187 0.0151
-0.608 -0.516 -0.132 -0.189 0.0387 -0.252 0.4592 0.1179 0.0813 -0.114
-0.730 0.3451 -0.155 0.5162 -0.213 -0.020 -0.015 -0.011 -0.041 -0.093
-0.583 0.4604 -0.154 0.2605 0.4609 -0.133 -0.059 -0.080 -0.338 0.0312
-0.693 -0.400 0.4555 0.0209 0.1504 0.2048 -0.003 0.0981 0.1290 0.2456
-0.627 -0.373 0.2957 0.1804 0.0925 0.0692 0.2555 0.4185 0.2462 0.1785
-0.355 -0.082 -0.726 -0.095 0.0170 0.5312 -0.199 0.0563 0.0129 0.0659
-0.662 0.0885 0.0145 0.5506 -0.054 0.0431 0.0977 0.4518 0.0742 -0.160
-0.638 0.1729 -0.122 0.5260 0.1506 -0.020 0.0245 0.4228 -0.222 -0.137
-0.599 -0.393 0.3845 0.1324 0.1357 0.1612 0.1486 0.2924 0.1746 0.3718
-0.388 0.0179 -0.102 0.6169 -0.525 -0.050 0.0518 -0.368 0.1749 0.0988
-0.704 0.6266 -0.070 -0.004 0.2005 -0.056 -0.048 0.0272 -0.242 0.0115
-0.720 0.2433 -0.124 0.5390 -0.306 -0.054 0.0388 -0.101 -0.079 0.0295
-0.346 0.0241 -0.108 0.5960 -0.544 -0.050 0.0356 -0.407 0.1742 0.1258
-0.354 0.0200 -0.113 0.5945 -0.532 -0.043 0.0434 -0.420 0.1771 0.1119
-0.788 0.1281 0.0030 0.3568 -0.408 -0.064 -0.057 0.1690 -0.022 -0.175
-0.576 -0.523 -0.284 -0.280 0.0097 -0.235 0.2277 -0.253 -0.249 0.0306
-0.543 0.5261 0.1551 -0.440 -0.434 0.0708 0.0608 0.0665 -0.081 -0.002
-0.623 -0.380 0.3194 0.1863 0.0947 0.1003 0.2260 0.4111 0.2697 0.1325
-0.658 -0.416 0.4591 -0.034 0.1139 0.2617 -0.206 -0.197 -0.131 0.0070
-0.615 -0.500 -0.430 -0.303 0.0259 -0.061 0.2571 -0.069 -0.025 -0.127
-0.712 0.6064 -0.079 0.0586 0.2034 -0.056 -0.060 0.0342 -0.254 -0.002
-0.660 -0.352 0.3020 0.2045 0.0452 0.0815 0.2330 0.3711 0.2409 0.2185
-0.690 0.4737 -0.104 0.2845 0.4263 -0.124 0.0179 -0.028 0.0850 -0.038
-0.382 -0.054 -0.069 0.5344 -0.528 -0.048 0.0363 -0.461 0.1941 0.1620
-0.742 -0.373 0.3454 -0.059 0.0049 0.1646 -0.253 -0.213 -0.018 -0.218
-0.706 -0.379 0.2998 0.0866 0.0650 0.1941 -0.138 0.0444 0.0167 -0.442
-0.296 -0.208 -0.162 -0.078 -0.170 -0.594 -0.624 0.2107 0.0879 0.1085
-0.652 -0.405 0.4661 -0.027 0.1207 0.2847 -0.219 -0.183 -0.118 0.0004
-0.678 -0.399 0.4344 -0.028 0.0884 0.2827 -0.258 -0.168 -0.093 -0.002
-0.624 -0.467 -0.493 -0.305 0.0509 0.1341 0.1564 -0.076 0.0506 -0.022
-0.557 0.5207 -0.162 0.1884 0.4830 -0.135 -0.061 -0.123 -0.288 0.0442
-0.624 -0.467 -0.474 -0.315 0.0811 0.1549 0.1014 -0.159 -0.002 0.0161
-0.716 0.0369 0.0152 0.4241 -0.500 -0.047 -0.017 -0.090 0.1093 -0.177
-0.693 -0.457 0.4155 0.0073 0.0558 0.2013 -0.181 -0.243 -0.006 -0.031
-0.801 -0.379 0.3935 0.0980 0.0495 0.1702 -0.062 0.0839 -0.031 -0.080
-0.542 0.0805 -0.172 0.6529 -0.447 -0.056 0.0817 -0.161 0.0756 0.0336
-0.566 -0.211 -0.719 0.0584 -0.099 -0.057 -0.175 0.1505 -0.207 -0.058
-0.697 -0.450 0.4241 0.0027 0.0594 0.2145 -0.166 -0.228 -0.013 0.0322
-0.393 -0.010 -0.136 0.6037 -0.526 -0.036 0.0540 -0.354 0.1283 0.1965
-0.559 0.0870 -0.144 0.6373 -0.445 -0.051 0.0476 -0.207 0.0674 0.0389
-0.521 0.0526 -0.165 0.6454 -0.458 -0.061 0.0736 -0.227 0.0838 0.0469
-0.330 -0.268 -0.193 -0.133 -0.149 -0.600 -0.573 0.2037 0.0877 0.0369
-0.524 0.0572 -0.173 0.6824 -0.415 0.0032 -0.014 -0.170 -0.031 0.1499
-0.681 0.6321 -0.094 -0.004 0.2193 -0.071 -0.016 -0.058 -0.264 0.0286
-0.599 0.0796 -0.122 0.6890 -0.345 -0.066 0.0758 -0.100 0.0638 0.0120
-0.802 -0.382 0.3700 0.1151 0.0723 0.1830 -0.035 0.1198 -0.008 -0.070
-0.482 -0.028 -0.071 0.5732 -0.518 -0.061 0.0309 -0.343 0.1997 0.0350
-0.653 0.1150 -0.073 0.6230 -0.158 -0.007 0.0646 0.2909 -0.156 -0.167
-0.538 -0.482 -0.360 -0.344 -0.021 -0.440 0.0040 -0.040 -0.128 -0.126
-0.532 0.0565 -0.169 0.6912 -0.410 0.0020 0.0054 -0.138 -0.023 0.1358
-0.600 0.0699 -0.155 0.6664 -0.379 -0.081 0.0792 -0.090 -0.011 -0.008
-0.422 -0.022 -0.054 0.5858 -0.537 -0.015 -0.021 -0.397 0.1597 0.0474
-0.583 0.0795 -0.196 0.6493 -0.400 -0.046 0.0626 -0.160 0.0077 0.0339
-0.670 -0.381 0.3457 0.1883 0.0874 0.1155 0.1684 0.3719 0.2172 0.1226
-0.666 -0.410 0.3501 0.1609 0.1046 0.1024 0.1861 0.3534 0.2234 0.0908
-0.676 0.6786 0.0636 -0.239 -0.013 -0.049 0.0292 -0.098 0.0728 -0.042
-0.579 -0.219 -0.720 0.0954 -0.158 -0.073 -0.152 0.0798 -0.158 -0.051
-0.657 -0.341 0.4790 -0.079 0.1133 0.2655 -0.246 -0.213 -0.154 0.0323
-0.795 -0.283 0.3383 0.2642 0.0018 0.1718 -0.070 0.2040 -0.010 -0.163
-0.287 -0.245 -0.177 -0.140 -0.139 -0.595 -0.611 0.2117 0.1024 0.0565
-0.596 -0.569 -0.070 -0.270 0.0688 -0.269 0.2909 -0.180 -0.213 0.0517
-0.839 -0.462 0.2493 0.0964 0.0273 0.0093 -0.012 -0.038 -0.032 0.0793
-0.619 0.5617 -0.159 0.1392 0.4033 -0.118 -0.078 -0.027 -0.266 0.0365
-0.768 -0.386 0.3828 0.0045 0.1156 0.1731 -0.084 0.0607 -0.005 -0.243
-0.630 0.1617 -0.175 0.6630 -0.288 -0.074 0.0725 -0.041 -0.085 0.0534
-0.705 0.6091 -0.017 -0.005 0.1526 -0.063 0.0398 -0.056 0.3011 0.0877
-0.618 0.5631 -0.156 0.1073 0.2973 -0.074 -0.070 0.0288 -0.392 0.1016
-0.665 0.5970 -0.076 0.0884 0.2882 -0.110 0.0595 -0.019 0.2289 0.1862
-0.677 -0.415 0.4558 0.0163 0.0895 0.2228 -0.159 -0.165 -0.122 0.1860
-0.716 0.6624 0.0114 -0.116 -0.032 -0.046 0.0569 -0.012 0.1169 0.1170
-0.557 -0.173 -0.692 0.0213 -0.098 -0.077 -0.321 0.2067 -0.133 0.0091
-0.720 -0.384 0.3183 0.1538 -0.025 0.0775 0.1752 0.1395 0.2156 0.3234
-0.697 0.6681 0.0149 -0.136 0.0356 -0.061 0.0518 -0.062 0.1545 0.1141
-0.399 -0.088 -0.756 -0.065 0.0147 0.4405 -0.227 0.0919 0.0079 0.0359
-0.712 -0.413 0.3868 0.0796 0.0759 0.1809 0.0828 0.2003 0.1919 0.2082
-0.763 0.5945 -0.084 0.0640 0.1090 -0.072 0.0505 0.0842 -0.023 0.1579
-0.433 -0.022 -0.158 0.5774 -0.510 -0.015 0.0439 -0.364 0.1289 0.2000
-0.898 -0.202 0.2316 -0.150 0.0129 0.0207 -0.072 -0.250 0.0719 -0.037
-0.306 -0.122 -0.723 -0.121 0.0031 0.5501 -0.190 0.0450 0.0924 0.0586
-0.562 -0.370 0.3210 0.1481 0.1226 0.1109 0.2358 0.3712 0.2596 0.3649
-0.515 0.5170 0.1846 -0.487 -0.394 0.0787 0.0586 -0.020 0.1370 -0.104
-0.588 -0.376 0.3075 0.1400 0.1124 0.0878 0.2574 0.3825 0.2543 0.3153
-0.508 0.5055 0.1776 -0.481 -0.433 0.0948 0.0580 0.0099 0.1131 -0.100
-0.480 0.2251 -0.210 0.4996 0.2202 9.9718 -0.047 0.3091 -0.524 -0.053
-0.608 -0.564 -0.162 -0.240 0.0575 -0.323 0.3413 0.0193 -0.030 0.0407
-0.602 -0.357 0.3267 0.1725 0.0977 0.1079 0.2241 0.3881 0.2689 0.2795
-0.573 -0.344 0.4472 -0.095 0.1085 0.3144 -0.273 -0.307 -0.190 0.1627
-0.383 -0.066 -0.721 -0.093 0.0188 0.5193 -0.185 0.0661 -0.019 0.1004
-0.593 -0.523 -0.269 -0.314 0.0550 -0.195 0.3170 -0.173 -0.165 -0.049
-0.639 -0.551 -0.153 -0.208 0.0211 -0.269 0.2194 -0.232 -0.207 0.0376
-0.602 -0.520 -0.437 -0.306 0.0059 -0.090 0.2177 -0.081 -0.066 -0.112
-0.800 -0.521 0.1286 -0.087 0.0125 -0.072 0.0261 -0.102 -0.045 -0.210
-0.684 0.5043 -0.089 0.2733 0.4128 -0.119 0.0256 -0.003 0.0970 -0.009
-0.681 0.2582 -0.115 0.6118 -0.055 -0.001 0.0250 0.2337 -0.137 -0.062
-0.622 0.5740 -0.016 -0.155 0.3062 -0.149 0.0087 -0.189 0.3214 -0.057
-0.600 -0.525 -0.420 -0.319 0.0246 -0.061 0.2468 -0.079 -0.052 -0.096
-0.591 -0.539 -0.253 -0.293 -0.024 -0.395 0.1406 -0.101 -0.146 -0.030
-0.640 -0.388 0.2849 0.1473 0.0890 0.0658 0.2585 0.3963 0.2659 0.1689
-0.380 0.0156 -0.094 0.6065 -0.531 -0.039 0.0514 -0.387 0.1720 0.1086
-0.614 -0.541 -0.228 -0.261 0.0301 -0.263 0.3095 -0.117 -0.136 -0.098
-0.677 -0.362 0.4473 0.0085 0.1435 0.2162 -0.042 0.0457 0.0859 0.3611
-0.694 -0.386 0.4656 -0.062 0.1514 0.2255 -0.124 -0.105 -0.102 0.1900
-0.590 -0.500 -0.198 -0.159 -0.013 -0.374 0.2795 0.0321 -0.130 -0.315
-0.269 -0.191 -0.151 -0.087 -0.157 -0.590 -0.638 0.2250 0.0965 0.1400
-0.793 -0.348 0.4075 -0.011 0.0921 0.1957 -0.103 -0.001 -0.050 -0.151
-0.441 0.0007 -0.075 0.5496 -0.545 -0.057 0.0347 -0.393 0.1877 0.0754
-0.688 0.6244 -0.060 -0.010 0.2516 -0.091 0.0377 -0.035 0.1793 0.1608
-0.621 0.6092 -0.081 0.0123 0.2994 -0.130 0.0477 -0.123 0.2725 0.1916
-0.563 -0.525 -0.299 -0.311 0.0669 -0.209 0.3097 -0.173 -0.212 -0.021
-0.533 -0.496 -0.283 -0.341 -0.029 -0.489 -0.007 -0.051 -0.116 -0.120
-0.422 -0.026 -0.077 0.5539 -0.544 -0.063 0.0181 -0.402 0.1755 0.1197
-0.446 -0.130 -0.695 -0.087 0.0136 0.5031 -0.149 0.0877 0.0939 0.0208
-0.631 0.4897 0.1425 -0.379 -0.412 0.0431 0.0802 0.1229 -0.055 -0.010
-0.738 -0.461 0.3610 0.0236 0.0281 0.1681 -0.133 -0.250 0.0133 0.0020
-0.712 0.3261 -0.102 0.5102 -0.058 0.0227 0.0350 0.2800 -0.177 0.0067
-0.404 -0.136 -0.712 -0.127 0.0083 0.5042 -0.148 0.0675 0.1001 0.0570
-0.785 -0.351 0.4175 0.0089 0.1067 0.2001 -0.113 0.0143 -0.034 -0.139
-0.404 -0.137 -0.700 -0.117 0.0087 0.5194 -0.153 0.0636 0.1108 0.0500
-0.548 -0.335 0.4509 -0.070 0.0440 0.2435 -0.317 -0.387 -0.235 0.1005
-0.730 0.3368 -0.112 0.5328 0.0936 -0.004 0.0183 0.2002 -0.045 -0.066
-0.714 -0.472 0.3736 0.0174 0.0402 0.1926 -0.147 -0.256 -0.009 0.0032
-0.384 0.0109 -0.113 0.5445 -0.547 -0.038 0.0268 -0.435 0.1857 0.1286
-0.662 0.6025 -0.009 -0.180 0.2486 -0.150 0.0168 -0.152 0.2392 -0.022
-0.587 -0.181 -0.683 0.0677 -0.104 -0.119 -0.200 0.1840 -0.221 -0.051
-0.405 -0.263 -0.672 -0.223 0.0143 0.4867 -0.116 -0.035 0.0973 0.0547
-0.628 0.6447 -0.042 -0.085 0.2451 -0.114 0.0672 -0.091 0.1904 0.2402
-0.605 0.4840 -0.182 0.2583 0.3724 -0.112 -0.052 -0.024 -0.378 0.0367
-0.693 0.5889 0.0227 -0.170 0.2472 -0.147 0.0167 -0.156 0.1830 -0.036
-0.647 0.5140 -0.117 0.1472 0.2207 -0.023 -0.065 0.0617 -0.459 0.1119
-0.770 -0.377 0.4265 0.1140 0.1080 0.2057 -0.036 0.0886 -0.027 0.0738
-0.624 0.6060 -0.098 0.0494 0.3561 -0.129 0.0432 -0.082 0.1895 0.2066
-0.560 -0.478 -0.280 -0.347 -0.046 -0.475 0.0160 -0.047 -0.097 -0.132
-0.675 0.4982 -0.131 0.3260 0.3728 -0.096 0.0402 0.1214 -0.084 -0.003
-0.845 -0.225 0.2706 0.1309 -0.070 0.0325 -0.080 -0.048 0.0786 -0.349
-0.782 0.3125 -0.101 0.4244 -0.180 -0.070 -0.027 0.1084 -0.213 -0.067
-0.662 0.4697 -0.134 0.3484 0.4150 -0.119 0.0081 0.0527 -0.100 0.0355
-0.434 -0.250 -0.741 -0.188 -0.024 0.3540 -0.173 -0.017 0.0753 0.0008
-0.839 -0.249 0.0213 0.1706 -0.270 -0.132 0.1452 0.1463 0.1308 -0.229
-0.768 0.5372 -0.049 0.1612 0.2671 -0.089 -0.015 0.0586 -0.019 -0.090
-0.740 -0.363 0.2561 -8.713 0.0816 0.2224 0.0408 0.3126 0.2723 -0.153
-0.631 0.5834 -0.147 0.1043 0.3053 -0.082 -0.069 0.0253 -0.340 0.0822
-0.694 -0.441 0.4122 0.0576 0.0864 0.1909 -0.172 -0.194 -0.158 0.1137
-0.623 0.5762 -0.147 0.1231 0.3860 -0.105 -0.073 -0.025 -0.274 0.0331
-0.645 0.3517 -0.109 0.3136 0.1018 -0.042 0.0387 0.3471 -0.461 0.0336
-0.739 0.5485 -0.004 -0.154 0.2249 -0.063 -0.019 -0.122 0.2402 -0.030
-0.739 -0.338 0.1487 0.1052 0.0503 0.0519 0.0540 0.4161 0.2323 -0.264
-0.708 -0.009 -0.009 0.6116 -0.170 -0.015 0.0428 0.1760 -0.084 -0.232
-0.838 0.4869 0.0895 -0.069 -0.116 0.0352 -0.073 0.1375 -0.087 -0.009
-0.732 0.5293 -0.063 0.2109 0.3091 -0.059 -0.037 0.0768 -0.165 -0.040
-0.516 -0.208 -0.705 -0.139 0.0144 0.3941 -0.041 0.0923 0.0803 -0.013
-0.495 -0.403 -0.656 -0.270 0.0174 0.2921 0.0012 -0.034 0.0323 0.0070
-0.693 0.0294 -0.048 0.6435 -0.234 -0.039 0.0740 0.1224 -0.074 -0.136
-0.512 -0.396 -0.660 -0.250 0.0189 0.2798 -0.005 -0.037 0.0006 0.0128
-0.735 0.4273 0.1296 -0.291 -0.361 0.0070 0.0562 0.1551 -0.076 -0.106
-0.666 -0.238 0.0356 0.4507 -0.368 -0.081 0.0521 -0.359 0.1430 0.0063
-0.655 -0.217 0.0130 0.4946 -0.374 -0.090 0.0446 -0.334 0.1244 -0.014
-0.894 -0.168 0.2346 -0.182 0.0186 0.0230 -0.062 -0.244 0.1345 0.0344
-0.554 -0.205 -0.004 0.4991 -0.432 -0.104 0.0521 -0.402 0.1948 0.0110
-0.506 0.5192 0.1976 -0.492 -0.391 0.0994 0.0524 -0.002 0.1340 -0.090
-0.569 0.1712 -0.263 0.5968 -0.181 0.0004 -0.059 0.1494 -0.392 -0.092
-0.321 -0.139 -0.737 -0.135 0.0054 0.5223 -0.154 0.0668 0.1030 0.0618
-0.540 -0.526 -0.211 -0.289 0.0367 -0.341 0.3281 -0.156 -0.219 0.0509
-0.660 -0.545 -0.317 -0.196 -0.050 -0.173 0.2086 -0.196 -0.097 -0.061
-0.513 -0.465 -0.229 -0.348 -0.034 -0.417 0.2413 -0.227 -0.228 -0.089
-0.636 0.6110 0.0412 -0.241 0.2254 -0.089 0.0144 -0.201 0.2407 -0.066
-0.482 0.2113 -0.182 0.4836 0.2856 -0.022 -0.051 0.3210 -0.516 -0.033
-0.550 0.6010 -0.056 -0.039 0.3459 -0.144 0.0393 -0.181 0.3574 0.1672
-0.540 -0.547 -0.154 -0.315 0.0479 -0.268 0.2274 -0.279 -0.284 -0.000
-0.627 -0.515 -0.206 -0.258 -0.036 -0.411 0.1742 -0.105 -0.129 -0.053
-0.638 0.6137 0.0233 -0.215 0.1677 -0.088 0.0566 -0.139 0.3325 -0.010
-0.663 -0.537 -0.293 -0.170 -0.089 -0.218 0.2278 -0.172 -0.061 -0.118
-0.486 0.2315 -0.210 0.4864 0.2575 0.0044 -0.041 0.3126 -0.511 -0.032
-0.486 0.2315 -0.210 0.4864 0.2575 0.0044 -0.041 0.3126 -0.511 -0.032
-0.566 -0.452 -0.542 -0.288 0.0727 0.2780 0.0030 -0.106 0.0571 0.0106
-0.719 0.0337 0.1045 0.5756 -0.323 0.0990 -0.055 0.0845 -0.054 0.1090
-0.563 0.6382 0.1037 -0.413 -0.141 -0.027 0.0439 -0.085 0.2475 -0.048
-0.635 -0.202 0.2076 0.2382 0.0153 0.0612 0.2085 0.5247 0.2891 -0.221
-0.610 -0.554 -0.312 -0.309 0.0110 -0.181 0.2875 -0.043 -0.043 -0.083
-0.638 -0.345 0.2780 0.0390 0.1701 0.0988 0.2226 0.1977 -0.000 0.5158
-0.601 -0.504 -0.088 -0.212 0.0454 -0.267 0.4804 0.1012 0.0742 -0.102
-0.572 0.5291 0.1552 -0.473 -0.331 0.0497 0.0499 -0.092 0.1186 -0.074
-0.789 -0.333 0.3201 -0.254 -0.045 0.1021 -0.163 -0.236 -0.047 -0.023
-0.566 -0.540 -0.190 -0.306 0.0055 -0.353 0.1839 -0.199 -0.219 0.0995
-0.638 -0.461 -0.246 -0.111 -0.080 -0.393 0.1426 0.1072 -0.032 -0.336
-0.694 -0.013 -0.151 0.5727 -0.175 -0.014 -0.045 -0.101 -0.282 0.2069
-0.611 0.5110 0.1792 -0.475 -0.305 0.0669 0.0257 -0.050 0.0643 -0.032
-0.605 -0.348 0.4457 -0.020 0.0960 0.2874 -0.326 -0.281 -0.151 -0.108
-0.574 0.5492 0.1530 -0.448 -0.367 0.0540 0.0506 -0.000 -0.011 -0.055
-0.631 -0.462 -0.058 -0.129 0.0301 -0.258 0.4092 0.2513 0.1946 -0.177
-0.670 0.5230 -0.075 0.2205 0.4401 -0.126 0.0205 -0.019 0.1101 -0.007
-0.718 0.4931 -0.047 0.2285 0.3765 -0.102 0.0305 0.0202 0.1799 -0.017
-0.557 -0.006 -0.162 0.5265 -0.509 -0.147 0.0100 -0.307 0.0930 -0.026
-0.625 -0.510 -0.284 -0.335 0.0573 -0.192 0.2538 -0.171 -0.098 -0.099
-0.569 -0.493 -0.270 -0.312 -0.019 -0.377 0.1728 -0.150 -0.185 -0.178
-0.639 -0.440 0.2771 0.0988 0.1022 0.0737 0.2493 0.3494 0.2789 0.1797
-0.629 0.6072 -0.082 -0.035 0.3300 -0.088 0.0141 -0.122 0.3075 -0.004
-0.529 0.5455 0.1639 -0.460 -0.416 0.0642 0.0526 0.0157 -0.018 -0.040
-0.686 -0.555 -0.211 -0.191 -0.027 -0.225 0.2341 -0.159 -0.083 0.0007
-0.607 -0.577 -0.058 -0.251 0.0720 -0.268 0.3361 -0.122 -0.150 0.0540
-0.717 -0.399 0.4407 -0.036 0.1907 0.2114 -0.087 -0.056 -0.135 0.1376
-0.646 -0.304 0.3962 0.2209 0.0874 0.2109 0.0568 0.3851 0.2813 0.0169
-0.723 -0.420 0.4499 -0.062 0.1764 0.2177 -0.075 -0.022 -0.055 0.0775
-0.640 -0.398 0.3690 -0.068 0.1236 0.2241 -0.198 -0.272 -0.226 0.2442
-0.597 -0.532 -0.299 -0.295 0.0629 -0.196 0.3216 -0.122 -0.147 0.0014
-0.638 -0.259 0.0899 0.1587 0.1075 0.1028 0.2694 0.5125 0.3511 -0.104
-0.720 0.6227 0.0920 -0.202 -0.009 -0.028 -0.016 -0.064 0.0803 -0.176
-0.656 0.5566 -0.075 0.1443 0.4576 -0.125 0.0003 -0.075 -0.019 0.0402
-0.712 0.0459 0.0742 0.5964 -0.310 0.0865 -0.031 0.1160 -0.029 0.0997
-0.649 -0.391 0.3764 -0.010 0.0902 0.2771 -0.266 -0.273 -0.141 -0.180
-0.778 -0.178 0.3479 -0.214 0.0437 0.1836 -0.203 -0.333 -0.081 -0.023
-0.725 0.1571 -0.032 0.4779 -0.434 -0.009 -0.044 0.0846 -0.017 -0.143
-0.647 0.1831 -0.134 0.6363 -0.008 -0.006 0.0182 0.3329 -0.103 -0.043
-0.343 -0.312 -0.114 -0.182 -0.108 -0.580 -0.579 0.1641 0.0692 0.1474
-0.587 0.2420 -0.164 0.5817 0.0806 -0.048 -0.043 0.3024 -0.352 -0.059
-0.631 -0.375 0.3973 -0.018 0.0798 0.2545 -0.277 -0.270 -0.134 -0.251
-0.542 0.5779 0.1421 -0.422 -0.382 0.0778 0.0504 0.0833 -0.101 0.0236
-0.711 -0.274 0.3553 0.2648 0.0367 0.1802 -0.002 0.3436 0.1670 -0.206
-0.590 -0.363 0.5016 -0.008 0.1376 0.2980 -0.316 -0.204 -0.133 -0.020
-0.534 0.4780 0.1664 -0.455 -0.463 0.1088 0.0320 0.0761 -0.132 -0.011
-0.584 -0.561 -0.112 -0.183 0.0440 -0.350 0.3842 0.1116 0.0248 -0.105
-0.679 -0.542 -0.154 -0.188 -0.003 -0.244 0.3363 -0.065 -0.015 -0.076
-0.657 0.0323 0.0318 0.5133 0.0054 0.1212 -0.016 0.4966 -0.037 -0.196
-0.713 0.6167 0.1005 -0.221 0.0002 -0.024 -0.024 -0.103 0.0694 -0.186
-0.725 0.5117 -0.082 0.2571 0.3374 -0.078 0.0406 0.0918 0.0969 -0.001
-0.672 -0.418 0.3793 -0.031 0.0991 0.2101 -0.206 -0.288 -0.194 -0.103
-0.680 0.1480 -0.031 0.5462 0.0729 -0.020 0.0892 0.4138 -0.012 -0.173
-0.704 -0.539 -0.294 -0.239 0.0452 -0.022 0.1699 -0.126 -0.134 -0.053
-0.681 0.4772 -0.125 0.2806 0.4226 -0.112 -0.004 0.0650 -0.051 -0.124
-0.653 -0.542 -0.337 -0.238 0.0939 0.1138 0.1498 -0.133 -0.011 0.2151
-0.669 0.4259 -0.210 0.3660 0.2803 -0.025 -0.055 0.1588 -0.282 -0.066
-0.597 -0.355 0.3775 -0.076 0.1271 0.2199 -0.235 -0.305 -0.271 0.2849
-0.730 0.1651 -0.052 0.4617 -0.395 0.0122 -0.057 0.1439 -0.082 -0.186
-0.354 -0.000 -0.097 0.5757 -0.549 -0.039 0.0191 -0.414 0.2140 0.1085
-0.399 -0.020 -0.074 0.5744 -0.524 -0.031 0.0894 -0.386 0.2441 0.1081
-0.581 0.6024 -0.055 -0.026 0.3440 -0.149 0.0579 -0.143 0.3143 0.1786
-0.642 0.5959 -0.035 -0.051 0.3012 -0.109 0.0504 -0.108 0.2450 0.2259
-0.587 0.0730 -0.156 0.6951 -0.333 0.0239 -0.007 -0.035 -0.061 0.1586
-0.363 0.0235 -0.104 0.5892 -0.545 -0.034 0.0169 -0.405 0.1827 0.1112
-0.561 -0.556 -0.303 -0.311 0.0825 -0.119 0.3223 -0.139 -0.131 0.1546
-0.630 -0.480 0.4479 0.0088 0.1672 0.2099 -0.105 -0.067 -0.064 0.2819
-0.553 0.1633 -0.105 0.6567 -0.377 -0.014 0.0054 -0.234 0.0882 0.1385
-0.605 -0.483 -0.451 -0.324 0.0588 -0.048 0.2583 -0.092 -0.096 -0.030
-0.750 -0.051 0.0710 0.5509 -0.283 0.0235 -0.042 0.1004 -0.038 0.1770
-0.644 0.0138 -0.066 0.5685 -0.429 -0.038 0.1158 -0.099 0.2108 -0.051
-0.397 -0.040 -0.039 0.5440 -0.526 -0.053 0.0616 -0.421 0.2412 0.1535
-0.615 0.0623 -0.180 0.5759 -0.397 -0.120 0.0545 -0.255 -0.074 0.0800
-0.584 0.1507 -0.252 0.5508 -0.135 -0.009 -0.075 0.1794 -0.442 -0.123
-0.347 -0.038 -0.059 0.5279 -0.538 -0.058 0.0678 -0.467 0.2403 0.1449
-0.590 0.4205 -0.212 0.3295 0.2740 -0.026 -0.048 0.1180 -0.471 0.0791
-0.441 0.0187 -0.084 0.5934 -0.517 -0.047 0.0167 -0.373 0.1553 0.1056
-0.728 -0.406 0.3234 -0.161 0.0063 0.0741 -0.218 -0.282 -0.009 -0.200
-0.639 0.6451 0.0843 -0.338 -0.054 -0.019 0.0245 -0.109 0.1884 -0.039
-0.763 0.3076 -0.001 0.4433 -0.333 0.0339 0.0470 0.0711 0.0573 0.0546
-0.622 0.1516 -0.162 0.5427 -0.011 0.0288 0.0098 0.4459 -0.223 -0.135
-0.744 -0.379 0.3754 -0.128 0.0136 0.1337 -0.222 -0.272 -0.010 -0.041
-0.536 0.1768 -0.141 0.6724 -0.352 -0.037 -0.010 -0.253 -0.036 0.1305
-0.649 0.6275 -0.098 -0.022 0.3128 -0.103 0.0572 -0.060 0.1211 0.2083
-0.651 -0.568 -0.258 -0.260 0.0343 -0.157 0.2685 -0.099 -0.085 -0.047
-0.588 -0.283 0.0559 0.2723 -0.416 -0.115 0.0576 -0.532 0.0712 0.1276
-0.776 0.1388 -0.020 0.4558 -0.321 -0.024 0.1182 0.1816 0.1314 -0.041
-0.666 0.5165 0.0913 -0.336 -0.382 0.0802 -0.006 0.0722 -0.086 -0.041
-0.732 -0.568 0.1847 -0.132 0.0921 -0.059 0.1205 -0.145 -0.106 0.1698
-0.570 -0.373 -0.663 -0.178 0.0347 0.1460 0.0600 0.0928 0.0612 -0.157
-0.654 0.6771 -0.024 -0.150 0.1202 -0.055 0.0663 0.0056 0.0483 0.2572
-0.598 -0.045 -0.032 0.6221 -0.404 -0.045 0.1044 -0.128 0.1754 0.1678
-0.552 -0.469 -0.201 -0.250 -0.071 -0.571 -0.164 -0.009 -0.089 0.0652
-0.728 0.4046 0.1966 -0.135 -0.389 0.0541 -0.039 0.2336 -0.018 -0.191
-0.817 0.2334 0.1454 0.1397 -0.292 -0.026 -0.072 -0.025 0.1363 -0.353
-0.568 0.6029 0.1524 -0.428 -0.310 0.0407 0.0430 0.0266 -0.027 -0.074
-0.691 -0.155 0.2978 0.2559 0.0200 0.1481 0.0433 0.4462 0.2075 -0.278
-0.642 0.5438 0.1505 -0.391 -0.323 0.0114 0.0518 0.0425 -0.062 -0.040
-0.743 -0.266 0.2083 0.3885 -0.001 0.1449 -0.102 0.1005 -0.079 -0.365
-0.677 0.5818 -0.070 0.0340 0.3799 -0.145 -0.024 -0.110 0.1261 -0.044
-0.762 -0.456 0.3917 0.1072 0.0416 0.1424 -0.105 -0.097 -0.049 0.0218
-0.500 -0.263 -0.735 -0.174 -0.059 0.2956 -0.101 -0.062 0.0291 -0.058
-0.856 -0.210 0.2610 0.2937 0.0601 0.1371 -0.018 0.1773 0.1067 -0.048
-0.682 -0.468 -0.043 -0.029 0.0058 -0.313 0.2910 0.1436 -0.041 -0.327
-0.801 -0.506 0.0803 -0.050 0.0365 -0.161 0.2408 0.0702 0.0246 0.0063
-0.830 -0.441 0.2067 0.2519 -0.010 -0.030 0.0742 0.0351 -0.002 0.0182
-0.753 -0.432 0.2673 -0.188 0.0021 0.0203 -0.185 -0.277 -0.015 -0.161
-0.834 0.2667 0.1136 0.0450 -0.289 0.0231 -0.073 -0.054 0.1582 -0.314
-0.613 -0.407 0.3487 0.0892 0.1116 0.1156 0.2285 0.3257 0.2669 0.2699
-0.676 0.5295 0.1670 -0.274 -0.308 0.0496 0.0426 0.0470 0.0964 -0.218
-0.706 0.5950 -0.005 -0.105 0.1311 -0.062 0.0835 -0.030 0.1367 0.2961
-0.599 -0.171 0.0531 0.4606 -0.459 -0.019 -0.047 -0.403 0.1376 -0.015
-0.807 -0.445 0.2285 0.1636 -0.039 0.0073 -0.068 -0.128 -0.070 -0.208
-0.623 0.6115 -0.143 0.0899 0.3373 -0.080 -0.045 -0.036 -0.287 0.0536
-0.714 -0.489 0.4302 0.0915 0.0813 0.1879 -0.075 -0.091 0.0017 -0.028
-0.649 -0.452 0.2477 -0.116 -0.003 -0.187 -0.491 0.0646 0.0950 -0.091
-0.685 -0.464 0.2975 0.0290 0.1001 0.0444 0.2573 0.2635 0.2181 0.1735
-0.650 -0.406 -0.304 0.1196 -0.249 -0.300 0.1968 -0.139 -0.038 -0.303
-0.679 0.4676 -0.164 0.3832 0.3499 -0.134 0.0230 -0.056 -0.031 0.0299
-0.699 0.6380 0.0462 -0.177 0.0764 -0.056 -0.006 -0.182 0.1382 -0.088
-0.703 0.1636 -0.084 0.4560 -0.060 0.0199 0.0446 0.3910 -0.275 -0.166
-0.628 0.6195 -0.099 0.0513 0.2314 -0.042 -0.036 0.0158 -0.374 0.1061
-0.616 -0.475 0.2606 -0.137 0.0203 -0.114 -0.534 -0.016 0.0467 -0.067
-0.650 0.1122 -0.156 0.6875 -0.223 -0.025 0.0564 -0.081 0.0674 0.0427
-0.727 0.6084 -0.042 0.0948 0.2765 -0.099 0.0047 -0.056 -0.023 -0.000
-0.770 0.4027 0.1844 -0.162 -0.358 0.0464 -0.050 0.1582 0.0130 -0.160
-0.637 -0.526 0.3111 -0.118 0.1169 0.0959 -0.117 -0.338 -0.224 0.0619
-0.823 0.4581 0.1419 -0.098 -0.188 -0.000 -0.063 0.0879 0.0862 -0.162
-0.765 0.5709 0.0587 -0.211 -0.157 -0.012 -0.016 0.0322 -0.000 -0.113
-0.731 0.5043 0.1995 -0.316 -0.210 0.0831 0.0025 0.0115 -0.110 0.0861
-0.661 -0.299 -0.488 -0.036 -0.003 0.2829 -0.050 0.2442 0.1753 -0.245
-0.642 -0.272 -0.553 -0.054 -0.004 0.2856 -0.065 0.2438 0.1389 -0.198
-0.199 -0.172 -0.094 -0.099 -0.130 -0.560 -0.679 0.2497 0.1342 0.1982
-0.434 0.1821 -0.188 0.4932 0.2531 0.0067 -0.032 0.3274 -0.571 -0.000
-0.398 0.4479 0.2050 -0.531 -0.534 0.1121 0.0736 0.0609 0.0252 -0.091
-0.335 -0.040 -0.107 0.5314 -0.550 -0.099 0.0528 -0.432 0.2828 0.0950
-0.626 0.5897 0.0085 -0.239 0.2365 -0.124 0.0334 -0.213 0.2900 -0.008
-0.527 -0.500 -0.348 -0.343 -2.991 -0.319 0.2275 -0.171 -0.190 -0.108
-0.496 0.1621 -0.279 0.6175 -0.138 0.0192 -0.053 0.1990 -0.445 -0.084
-0.515 -0.470 -0.389 -0.326 0.0254 -0.262 0.2049 -0.236 -0.263 -0.135
-0.602 -0.567 -0.115 -0.211 0.0470 -0.292 0.4111 0.0191 0.0089 -0.004
-0.549 0.1570 -0.251 0.6176 -0.175 0.0084 -0.048 0.1614 -0.402 -0.090
-0.486 -0.483 -0.295 -0.270 -0.036 -0.447 0.2964 -0.134 -0.177 -0.174
-0.548 -0.580 -0.164 -0.284 0.0289 -0.272 0.2795 -0.220 -0.227 -0.023
-0.485 0.5334 0.1667 -0.435 -0.440 0.0664 0.0665 0.1315 -0.203 0.0173
-0.524 -0.497 -0.280 -0.355 -0.009 -0.384 0.1411 -0.236 -0.216 -0.031
-0.603 0.5374 0.1937 -0.416 -0.347 0.0805 0.0493 0.0471 -0.040 0.0441
-0.393 0.0868 -0.565 -0.352 -0.184 0.5538 -0.188 0.0745 0.0071 0.1066
-0.545 0.6397 0.0746 -0.397 -0.050 -0.049 0.0669 -0.147 0.3128 0.0020
-0.605 -0.521 -0.246 -0.232 -0.088 -0.324 0.2076 -0.235 -0.150 -0.107
-0.602 0.6120 0.1182 -0.384 -0.272 0.0303 0.0321 2.7651 0.1520 0.0178
-0.528 0.5373 0.1411 -0.400 -0.423 0.0753 0.0604 0.1268 -0.190 0.1014
-0.534 -0.288 0.4175 -0.064 0.1234 0.2812 -0.301 -0.336 -0.299 0.2537
-0.602 0.2646 -0.133 0.6501 -0.118 0.0007 0.0032 0.2770 -0.174 0.0746
-0.562 -0.523 -0.357 -0.343 0.0781 -0.131 0.2329 -0.185 -0.223 0.0456
-0.584 -0.373 0.4255 -0.101 0.1130 0.2833 -0.235 -0.312 -0.205 0.1965
-0.684 0.4239 0.1800 -0.429 -0.308 0.0692 -0.005 -0.154 0.0722 -0.074
-0.577 0.5039 -0.116 0.1845 0.4968 -0.131 -0.034 -0.090 -0.293 0.0723
-0.668 -0.517 -0.221 -0.158 -0.101 -0.193 0.2143 -0.301 -0.160 0.0004
-0.687 -0.525 -0.232 -0.189 -0.023 -0.238 0.2766 -0.150 -0.036 -0.053
-0.723 0.6221 -0.038 -0.046 0.2229 -0.091 0.0044 -0.118 0.1156 0.0032
-0.630 0.5808 -0.059 0.0511 0.4425 -0.118 -0.048 -0.163 0.1079 -0.092
-0.837 -0.429 0.3018 0.0659 0.0104 0.0080 -0.061 -0.035 -0.080 -0.085
-0.635 -0.297 0.4469 0.1010 0.0612 0.2749 -0.219 0.0621 0.1153 -0.391
-0.612 0.4994 0.1448 -0.482 -0.305 0.0564 0.0561 -0.054 0.1074 -0.085
-0.457 0.5171 0.1870 -0.491 -0.482 0.0943 0.0529 0.0485 -0.019 -0.019
-0.478 -0.297 -0.711 -0.151 -0.010 0.3625 -0.040 0.0721 0.0991 -0.080
-0.783 -0.379 0.3323 0.0542 -0.015 0.0647 -0.209 -0.123 -0.116 -0.227
-0.405 -0.067 -0.749 -0.108 0.0113 0.4617 -0.150 0.0694 -0.062 0.1105
-0.611 -0.589 -0.065 -0.215 0.0914 -0.247 0.3901 -0.021 -0.054 -0.045
-0.556 -0.515 -0.385 -0.334 0.0463 -0.134 0.2127 -0.212 -0.228 0.0124
-0.476 0.4682 0.2104 -0.485 -0.499 0.1155 0.0601 0.0508 -0.011 -0.063
-0.313 -0.313 -0.196 -0.235 -0.115 -0.644 -0.502 0.1358 0.0288 0.0974
-0.544 0.1638 -0.223 0.6023 -0.187 -0.031 -0.047 0.1582 -0.422 -0.147
-0.659 -0.410 0.3335 -0.068 -0.015 0.2029 -0.280 -0.218 -0.017 -0.336
-0.553 -0.009 -0.093 0.6719 -0.421 -0.035 0.0830 -0.124 0.1784 0.0201
-0.670 0.4868 -0.072 0.1654 0.3982 -0.143 0.0697 -0.028 0.2805 0.1294
-0.527 -0.517 -0.192 -0.338 0.0142 -0.412 0.2043 -0.185 -0.210 -0.105
-0.728 0.6277 0.0178 -0.065 0.1743 -0.060 -0.006 -0.163 0.0863 -0.051
-0.599 0.5357 0.1902 -0.473 -0.232 0.0607 -0.000 -0.114 0.1177 -0.092
-0.371 -0.174 -0.697 -0.140 0.0208 0.5310 -0.160 0.0466 0.0861 0.0863
-0.604 0.4426 0.1540 -0.496 -0.397 0.0518 0.0815 -0.005 -0.019 -0.035
-0.694 -0.018 -0.016 0.4533 0.1280 -0.001 0.0490 0.4532 -0.229 -0.184
-0.390 -0.014 -0.110 0.6465 -0.497 -0.079 0.0807 -0.329 0.2053 0.0769
-0.597 0.4834 0.1362 -0.253 -0.507 0.1004 0.0754 0.2221 -0.031 -0.055
-0.638 0.3453 -0.158 0.3877 0.2325 -0.011 -0.107 0.0488 -0.474 0.0590
-0.657 0.1470 -0.236 0.5787 -0.114 0.0262 -0.033 0.2282 -0.292 0.0451
-0.390 -0.095 -0.728 -0.060 -0.021 0.5076 -0.168 0.0917 0.0909 -0.010
-0.531 -0.500 -0.344 -0.360 -0.007 -0.288 0.2115 -0.198 -0.221 -0.037
-0.601 -0.573 -0.160 -0.273 0.1032 -0.149 0.3074 -0.162 -0.211 0.1014
-0.605 -0.457 0.3226 -0.028 0.1315 0.0709 0.0473 -0.117 -0.146 0.5095
-0.536 -0.517 -0.226 -0.340 0.0123 -0.313 0.1411 -0.275 -0.285 0.0162
-0.366 -0.132 -0.737 -0.110 -0.001 0.4931 -0.182 0.0654 0.0791 0.0662
-0.666 0.1475 -0.191 0.6112 -0.157 0.0507 -0.006 0.2541 -0.150 0.0950
-0.572 -0.578 -0.148 -0.311 0.0690 -0.339 0.2745 -0.040 -0.136 -0.050
-0.650 0.5729 0.0372 -0.372 -0.261 0.0913 0.0189 -0.076 0.1568 0.0160
-0.534 0.5446 0.1656 -0.500 -0.333 0.0568 0.0634 -0.046 0.0904 -0.107
-0.615 -0.456 0.4875 -0.050 0.1397 0.2587 -0.238 -0.162 -0.009 -0.050
-0.601 0.5229 0.1100 -0.309 -0.439 0.0966 0.0701 0.2027 -0.066 -0.063
-0.591 0.4644 0.1771 -0.481 -0.400 0.0817 0.0355 -0.032 -0.002 -0.045
-0.457 0.4911 0.1720 -0.404 -0.501 0.0967 0.0806 0.1955 -0.218 0.0512
-0.684 0.1421 -0.112 0.6199 -0.323 -0.010 0.0184 0.0491 0.0741 -0.020
-0.567 0.4754 0.1611 -0.489 -0.420 0.0655 0.0660 0.0084 -0.014 -0.012
-0.653 -0.527 -0.310 -0.211 0.0724 -0.072 0.3613 0.0489 -0.010 -0.100
-0.584 -0.462 -0.469 -0.290 0.0852 0.3086 -0.009 -0.176 -0.033 0.0642
-0.609 0.5111 0.1084 -0.296 -0.451 0.0893 0.0626 0.2037 -0.080 -0.064
-0.670 0.6478 0.0891 -0.324 -0.088 -0.033 0.0390 -0.056 -0.004 0.0595
-0.484 0.4902 0.2037 -0.470 -0.480 0.0956 0.0834 0.1128 0.0083 -0.046
-0.741 -0.277 0.3700 -0.013 0.0363 0.2516 -0.278 -0.232 -0.129 -0.150
-0.599 0.2555 -0.163 0.5187 0.2249 -0.019 -0.045 0.2894 -0.372 -0.056
-0.515 0.3799 0.1891 -0.485 -0.525 0.1283 0.0322 0.0013 0.0284 -0.154
-0.492 -0.371 0.3121 0.0990 0.1324 0.1232 0.2397 0.2709 0.2266 0.5449
-0.590 0.5294 -0.152 0.1109 0.5201 -0.142 -0.066 -0.140 -0.094 0.1051
-0.625 0.3671 0.1996 -0.453 -0.404 0.1095 -0.006 -0.055 0.0729 -0.210
-0.663 0.6262 -0.064 -0.021 0.2886 -0.122 0.0134 -0.198 0.1466 -0.058
-0.633 0.6160 -0.142 0.0295 0.3974 -0.085 0.0025 -0.081 0.1628 0.0084
-0.574 -0.366 0.3084 0.0878 0.1862 0.0997 0.2592 0.2962 0.2171 0.4309
-0.580 0.5204 0.1451 -0.459 -0.375 0.0857 0.0410 0.0420 -0.089 0.0060
-0.561 -0.366 0.4698 -0.007 0.1099 0.2925 -0.284 -0.295 -0.190 0.1638
-0.612 -0.387 0.3804 -0.105 0.0751 0.2707 -0.257 -0.351 -0.213 0.0667
-0.586 -0.559 -0.092 -0.264 0.0467 -0.349 0.2816 -0.138 -0.205 0.0064
-0.699 -0.427 0.3790 0.0325 0.2388 0.1456 0.0912 0.1540 0.0875 0.2537
-0.557 -0.512 -0.299 -0.256 -0.072 -0.496 0.0580 -0.056 -0.103 0.0252
-0.624 -0.558 -0.101 -0.236 -0.009 -0.329 0.1056 -0.229 -0.244 -0.006
-0.603 0.1659 -0.248 0.5987 -0.083 0.0428 -0.062 0.2289 -0.350 0.0047
-0.792 -0.247 0.2439 0.2739 -0.051 0.0309 0.1941 0.3176 0.1819 0.0038
-0.696 -0.402 0.1520 0.0709 0.0595 -0.054 0.1743 0.3186 0.2015 -0.382
-0.698 -0.413 -0.283 -0.079 -0.087 -0.343 0.0786 0.1636 -0.015 -0.310
-0.592 -0.319 0.4546 0.0303 0.0763 0.2745 -0.293 -0.050 0.0611 -0.406
-0.631 0.5041 -0.035 0.0501 0.3830 -0.140 0.0666 -0.097 0.2948 0.2756
-0.709 0.5875 0.1688 -0.301 -0.147 0.0489 -0.021 -0.037 -0.010 -0.074
-0.675 0.0529 0.1008 0.5595 -0.359 0.0701 -0.047 -0.090 0.0799 0.2581
-0.609 0.5541 -0.104 0.0297 0.4074 -0.098 0.0224 -0.134 0.3226 0.1063
-0.492 0.4429 0.1467 -0.373 -0.561 0.1034 0.0579 0.1402 -0.225 -0.023
-0.504 0.5062 0.1821 -0.475 -0.452 0.1030 0.0645 0.0812 -0.059 0.0203
-0.544 -0.245 -0.710 -0.150 -0.045 0.2750 -0.146 0.0791 0.0319 -0.098
-0.630 -0.433 0.3936 -0.101 0.1059 0.1914 -0.231 -0.291 -0.201 -0.148
-0.721 0.5931 -0.107 0.0951 0.2879 -0.098 -0.005 -0.034 -0.103 -0.043
-0.720 0.5723 0.0483 -0.105 0.1816 -0.097 0.0291 -0.120 0.2859 0.0137
-0.525 -0.407 0.4784 -0.059 0.1716 0.3031 -0.246 -0.266 -0.173 0.2061
-0.695 -0.497 -0.132 -0.226 -0.022 -0.313 0.2444 -0.015 -0.069 -0.189
-0.425 0.0895 -0.147 0.6377 -0.486 -0.060 0.0516 -0.291 0.1992 0.1225
-0.662 -0.561 -0.060 -0.188 0.0661 -0.250 0.3599 -0.055 -0.072 0.0416
-0.658 0.3840 -0.131 0.3263 0.3393 -0.039 -0.110 -0.027 -0.402 0.0560
-0.615 0.5585 0.1410 -0.305 -0.404 0.0523 0.0606 0.1138 0.0204 -0.114
-0.607 0.1155 -0.171 0.4879 0.0557 0.0175 0.0343 0.4430 -0.305 -0.235
-0.631 0.1463 -0.250 0.6184 -0.206 0.0575 -0.023 0.1644 -0.241 0.0481
-0.587 0.5497 0.1326 -0.410 -0.392 0.0617 0.0249 0.0739 -0.049 0.0199
-0.587 -0.342 0.3501 0.1543 0.1094 0.1576 0.1963 0.4068 0.3231 0.2137
-0.590 0.6641 0.0973 -0.384 -0.033 -0.037 0.0400 -0.116 0.1871 -0.014
-0.688 0.5581 -0.041 -0.097 0.2425 -0.160 -0.057 -0.195 0.2520 -0.116
-0.708 -0.469 -0.181 -0.043 -0.210 -0.221 0.1611 -0.350 -0.017 -0.027
-0.694 -0.527 -0.401 -0.204 0.0089 -0.075 0.1177 0.0990 0.0780 -0.021
-0.603 -0.545 -0.319 -0.292 0.0763 -0.068 0.2246 -0.174 -0.234 0.0679
-0.628 0.5421 -0.123 0.1068 0.4204 -0.074 -0.029 -0.082 -0.286 0.1138
-0.638 -0.156 -0.081 0.4119 -0.474 -0.160 0.1403 -0.332 0.0873 0.0402
-0.671 -0.462 0.1931 0.0672 0.0007 -0.064 0.1387 0.1406 0.1128 -0.487
-0.729 -0.323 0.4412 -0.076 0.0981 0.2893 -0.204 -0.063 0.0680 -0.136
-0.438 0.5049 0.1752 -0.526 -0.473 0.0795 0.0742 0.0527 0.0080 -0.073
-0.650 0.5018 -0.040 -0.056 0.2692 -0.175 0.0354 -0.217 0.3854 0.1419
-0.805 -0.443 0.0288 0.1067 -0.167 -0.173 0.1900 0.0086 0.1517 -0.158
-0.648 0.5193 -0.110 0.1060 0.3729 -0.169 -0.072 0.0599 -0.307 0.1261
-0.567 -0.553 -0.280 -0.280 0.0486 -0.182 0.3254 -0.147 -0.121 0.1880
-0.434 0.5023 0.1797 -0.521 -0.483 0.0874 0.0640 0.0516 -0.015 -0.080
-0.588 -0.524 -0.131 -0.205 0.1041 -0.186 0.4001 -0.068 -0.088 0.3170
-0.535 0.0110 -0.100 0.6812 -0.438 -0.016 0.0408 -0.161 0.1377 0.0213
-0.672 0.5696 0.1248 -0.282 0.1442 -0.019 -0.057 -0.204 0.2273 -0.100
-0.760 0.5373 0.0452 -0.170 0.0862 -0.029 -0.080 -0.057 0.1450 -0.251
-0.507 0.4716 0.1347 -0.402 -0.500 0.0681 0.0795 0.1673 -0.221 0.0232
-0.617 0.6091 0.1463 -0.395 -0.202 0.0212 0.0369 -0.058 0.1122 -0.103
-0.574 0.6070 0.1007 -0.358 -0.304 0.0287 0.0649 0.0973 -0.177 0.1521
-0.770 -0.321 0.3162 0.1752 0.0523 0.1506 0.0852 0.3354 0.1202 -0.110
-0.718 0.5813 0.0314 -0.127 -0.132 -0.047 0.1600 0.1199 0.1654 0.2036
-0.784 -0.339 0.4194 0.0231 0.0628 0.1437 -0.183 -0.059 0.0189 -0.172
-0.726 0.0916 0.0900 0.5486 -0.303 0.0794 -0.048 0.1165 -0.027 0.1980
-0.742 0.0243 -0.042 0.4375 0.0657 -0.001 0.0366 0.3896 -0.255 -0.179
-0.747 0.6051 -0.109 0.0271 0.2185 -0.074 0.0054 -0.042 -0.068 -0.046
-0.617 0.4792 -0.184 0.2880 0.2057 -0.074 -0.056 0.0730 -0.454 0.0946
-0.538 0.5050 0.1942 -0.381 -0.470 0.1351 0.0339 0.1547 -0.050 -0.067
-0.692 0.3564 0.2002 -0.178 -0.440 0.0629 -0.052 0.2391 0.0234 -0.251
-0.781 -0.462 0.3824 -0.009 0.1285 0.0788 0.0218 0.0434 -0.004 0.0679
-0.421 -0.384 -0.101 -0.235 -0.074 -0.564 -0.471 0.1007 -0.004 0.2268
-0.593 0.6210 0.0399 -0.130 0.1712 -0.094 0.0840 -0.071 0.3897 0.2033
-0.642 0.0745 -0.084 0.6237 -0.083 -0.049 0.0769 0.3336 -0.177 -0.166
-0.705 0.2692 -0.044 0.4714 0.2446 -0.020 -0.002 0.2483 -0.278 -0.079
-0.735 0.5925 -0.070 0.0919 0.2563 -0.062 -0.034 -0.020 -0.148 -0.026
-0.586 0.5249 -0.086 0.0493 0.3675 -0.162 0.0522 -0.139 0.3680 0.2252
-0.684 -0.372 0.3592 0.0427 0.0223 0.1164 -0.272 -0.149 -0.037 -0.387
-0.665 -0.536 -0.221 -0.235 0.0294 -0.207 0.2240 -0.044 -0.016 -0.261
-0.515 -0.142 -0.473 0.3636 -0.446 -0.204 -0.003 -0.331 0.0577 0.0496
-0.587 -0.529 -0.223 -0.261 0.1465 0.1197 0.2357 -0.106 -0.018 0.3914
-0.530 0.4971 0.1563 -0.471 -0.454 0.0680 0.0725 0.0617 -0.016 -0.063
-0.620 -0.318 0.3504 0.0470 0.0037 0.1575 -0.285 -0.136 -0.010 -0.512
-0.565 0.5526 0.1344 -0.431 -0.375 0.0456 0.1032 0.1167 -0.049 -0.023
-0.769 0.6024 -0.005 -0.057 0.1560 -0.095 0.0533 0.0417 0.0246 0.0582
-0.720 0.5285 -0.097 0.0078 0.3348 -0.098 0.0127 -0.177 -0.076 0.1791
-0.769 0.5773 -0.155 0.0275 0.0992 -0.006 -0.096 -0.027 0.1149 -0.129
-0.709 0.1583 -0.109 0.5298 -0.025 0.0170 -0.003 0.3864 -0.103 -0.133
-0.651 0.6152 0.0679 -0.244 0.0870 -0.072 0.0720 -0.101 0.3158 0.0650
-0.831 -0.041 0.3943 -0.027 9.6742 0.2608 -0.184 0.0697 0.1264 -0.163
-0.573 0.4185 0.2498 -0.463 -0.408 0.1403 -0.012 -0.044 0.0728 -0.156
-0.503 0.5193 0.2055 -0.476 -0.425 0.0716 0.0738 0.0892 -0.082 0.0314
-0.532 0.4903 0.2065 -0.463 -0.430 0.0927 0.0427 0.0647 -0.105 -0.090
-0.387 0.0724 -0.187 0.6771 -0.486 -0.020 0.0027 -0.315 -0.077 0.0887
-0.854 -0.313 0.3695 0.0311 0.0729 0.0951 -0.117 -0.046 -0.057 -0.001
-0.645 0.4912 0.0633 -0.009 -0.359 0.0515 -0.032 0.2551 -0.364 0.0795
-0.596 0.2719 -0.185 0.5504 0.0806 -0.036 -0.039 0.2217 -0.411 -0.071
-0.604 -0.574 -0.334 -0.328 -0.002 -0.042 0.1667 -0.206 -0.108 -0.009
-0.646 0.5013 -0.046 0.0783 -0.293 0.0127 -0.095 0.1689 -0.443 0.0469
-0.758 -0.377 0.4013 0.0477 -0.015 0.1405 -0.208 -0.001 0.0894 -0.219
-0.653 -0.334 0.4436 0.0781 0.0621 0.2769 -0.232 0.0463 0.0503 -0.344
-0.708 0.6713 0.0329 -0.149 0.0242 -0.074 0.0531 -0.104 0.0450 0.0460
-0.626 0.0800 -0.098 0.6332 -0.080 -0.032 0.0614 0.3522 -0.151 -0.178
-0.723 -0.217 0.4232 -0.122 0.1231 0.2660 -0.221 -0.309 -0.056 0.0394
-0.798 0.0299 0.2039 0.2355 -0.013 0.1146 -0.292 -0.072 -0.100 -0.387
-0.586 0.6031 -0.035 -0.087 0.2726 -0.138 0.0622 -0.170 0.3383 0.2059
-0.719 -0.381 0.3425 -0.174 0.0224 0.1125 -0.247 -0.292 0.0048 -0.168
-0.665 -0.491 -0.342 -0.108 -0.009 -0.121 0.2569 0.1640 -0.006 -0.280
-0.598 -0.445 -0.222 -0.157 -0.093 -0.554 0.0094 0.1509 0.0094 -0.173
-0.811 0.3354 0.1421 0.0609 -0.357 0.0211 0.0486 0.1549 0.1416 -0.172
-0.541 -0.066 -0.592 -0.012 0.0406 0.5120 -0.153 0.1036 0.2266 -0.040
-0.833 -0.349 0.3242 -0.032 0.0641 0.0799 -0.104 -0.152 -0.062 -0.169
-0.575 -0.495 0.0277 -0.168 0.1389 -0.100 0.2994 -0.100 -0.122 0.4997
-0.589 0.5096 -0.112 0.1478 0.4394 -0.121 -0.013 -0.035 -0.369 0.1124
-0.761 0.5541 -0.055 0.0135 0.2542 -0.109 0.0110 -0.073 0.0954 -0.138
-0.788 -0.498 0.2953 0.0575 0.0385 0.1201 0.0274 0.0979 0.1114 -0.029
-0.611 -0.046 -0.180 0.6119 -0.401 -0.163 0.0359 -0.155 -0.028 -0.044
-0.741 -0.388 0.2571 0.1030 0.1123 0.0402 0.2076 0.3507 0.1668 -0.121
-0.641 -0.435 0.3204 -0.073 -0.019 0.0424 -0.479 -0.076 0.0617 -0.221
-0.763 0.3665 -0.214 0.2687 0.3253 0.0055 -0.001 0.1695 0.0107 -0.173
-0.525 0.1218 -0.123 0.6738 -0.407 -0.057 0.0598 -0.095 0.2275 0.0723
-0.496 -0.047 -0.703 -0.172 0.0186 0.4421 -0.112 0.0401 0.1096 -0.069
-0.691 0.2860 -0.162 0.5302 -0.036 0.0326 -0.009 0.3108 -0.154 -0.095
-0.654 -0.571 -0.213 -0.216 0.0688 -0.137 0.3083 -0.070 -0.167 0.0115
-0.726 0.4143 -0.108 0.4466 0.2298 -0.117 0.0471 0.0762 0.0237 -0.115
-0.409 0.0418 -0.102 0.6166 -0.532 -0.035 0.0613 -0.284 0.2553 0.0725
-0.490 -0.051 -0.633 -0.051 0.0337 0.5176 -0.180 0.1020 0.1977 -0.040
-0.784 0.2547 0.2960 -0.166 -0.292 0.1809 0.0059 0.2259 -0.163 0.0942
-0.782 0.5244 0.1048 -0.076 0.1168 -0.063 -0.007 -0.168 0.1851 -0.121
-0.677 -0.542 -0.126 -0.206 0.0556 -0.281 0.2942 -0.015 -0.080 -0.111
-0.652 -0.440 0.2733 -0.154 0.0923 0.0306 -0.055 -0.298 -0.293 0.3047
-0.618 -0.297 0.4366 -0.137 0.0147 0.2031 -0.329 -0.346 -0.208 -0.077
-0.758 0.1549 -0.016 0.4567 0.0339 -0.012 -0.118 0.1824 -0.351 -0.140
-0.773 0.5437 -0.016 -0.015 0.1837 -0.105 0.0394 -0.070 0.1735 -0.153
-0.671 -0.569 -0.045 -0.104 -0.058 -0.374 0.2436 -0.035 -0.060 -0.062
-0.707 0.2638 -0.070 0.4725 0.1791 -0.077 0.0546 0.3103 -0.125 -0.219
-0.801 -0.179 -0.072 0.3128 -0.287 -0.223 0.1614 -0.248 -0.013 -0.049
-0.629 0.5703 0.1734 -0.385 -0.296 0.0693 -0.009 0.0007 0.0225 -0.076
-0.689 0.5386 0.0933 -0.228 0.2315 -0.075 -0.020 -0.259 0.2112 -0.035
-0.645 0.4804 0.0216 -0.137 -0.432 0.0793 0.0917 0.2767 -0.233 0.0019
-0.643 -0.512 -0.222 -0.178 0.1162 -0.109 0.3388 0.1964 0.0132 -0.248
-0.590 0.5443 0.1945 -0.449 -0.291 0.0528 0.0046 -0.051 0.0720 -0.141
-0.500 -0.326 -0.602 -0.286 -0.010 0.4185 -0.088 -0.085 0.0772 0.0297
-0.762 -0.405 0.1632 -0.069 0.0158 -0.057 -0.147 -0.256 -0.208 -0.297
-0.661 0.1793 -0.268 0.5220 -0.072 0.0080 -0.053 0.2433 -0.229 -0.256
-0.725 -0.397 0.3931 0.0185 0.0768 0.2382 -0.062 -0.052 0.0116 0.3030
-0.630 -0.404 0.3207 0.1464 0.0949 0.1047 0.2240 0.3592 0.2163 0.2617
-0.707 -0.028 -0.127 0.5997 -0.212 -0.062 -0.043 0.0775 -0.086 -0.241
-0.360 -0.068 -0.763 -0.038 -0.010 0.4915 -0.176 0.0645 0.0015 0.0573
-0.706 -0.556 -0.077 -0.189 0.0019 -0.294 0.1754 -0.023 -0.027 -0.173
-0.764 0.5953 -0.062 0.0809 0.2027 -0.072 0.0082 -0.015 -0.060 -0.003
-0.614 -0.423 -0.361 -0.237 0.0379 -0.407 0.1933 0.0428 -0.017 -0.223
-0.667 -0.595 -0.126 -0.235 0.0717 -0.140 0.2376 -0.069 -0.113 0.1757
-0.624 -0.532 -0.376 -0.249 0.0653 -0.071 0.2954 -0.030 -0.098 -0.119
-0.624 -0.532 -0.376 -0.249 0.0653 -0.071 0.2954 -0.030 -0.098 -0.119
-0.624 -0.532 -0.376 -0.249 0.0653 -0.071 0.2954 -0.030 -0.098 -0.119
-0.547 -0.485 -0.589 -0.284 -0.004 0.1206 0.1195 -0.033 0.0310 -0.069
-0.547 -0.485 -0.589 -0.284 -0.004 0.1206 0.1195 -0.033 0.0310 -0.069
-0.729 0.5965 0.1122 -0.209 -0.197 0.0490 0.0321 0.0850 -0.059 0.0445
-0.415 -0.141 -0.781 0.0019 -0.089 0.4040 -0.145 0.0671 0.0143 -0.018
-0.735 0.1462 -0.080 0.5533 -0.236 -0.010 -0.001 0.0634 -0.240 -0.085
-0.641 0.6524 0.1223 -0.354 -0.103 -0.010 0.0575 0.0025 0.0755 -0.044
-0.616 0.6282 0.0568 -0.331 0.0459 -0.071 0.0651 -0.130 0.2867 0.0396
-0.713 0.4834 -0.081 0.3125 0.3519 -0.071 0.0296 0.1408 0.0125 0.0530
-0.713 0.5718 0.0105 -0.169 0.0973 -0.132 0.0212 -0.168 0.2530 0.1246
-0.812 0.4924 -0.077 0.0882 -0.114 -0.070 -0.223 0.0781 -0.052 -0.081
-0.624 -0.363 0.3658 0.1059 0.1648 0.1661 0.1570 0.3154 0.2449 0.3050
-0.815 0.4421 -0.117 0.1075 -0.112 -0.080 -0.259 0.0452 -0.126 -0.098
-0.781 0.5579 0.1174 -0.118 -0.097 0.0315 0.0406 0.1642 -0.043 0.0916
-0.784 -0.478 -0.073 -0.050 0.0305 -0.202 0.2509 0.0442 -0.032 -0.200
-0.353 -0.307 -0.114 -0.185 -0.098 -0.578 -0.552 0.1724 0.0624 0.2210
-0.732 0.5472 0.1148 -0.267 -0.250 0.0538 -0.003 0.0246 -0.099 -0.058
-0.760 0.3532 -0.092 0.3473 0.3380 -0.160 0.0626 0.1001 -0.054 -0.100
-0.764 0.5544 0.0715 -0.215 -0.198 -0.014 0.0441 0.0761 -0.092 0.0234
-0.625 -0.346 0.1698 -0.063 0.0460 0.2197 -0.355 -0.085 0.0250 -0.520
-0.705 0.5775 0.1286 -0.213 -0.194 0.0575 0.0416 0.1380 -0.171 0.1249
-0.327 -0.092 -0.754 -0.093 -0.007 0.5166 -0.174 0.0259 0.0427 0.0764
-0.542 -0.205 -0.745 0.0241 -0.077 -0.015 -0.203 0.1533 -0.187 -0.033
-0.676 0.5901 -0.042 -0.024 0.1877 -0.141 0.0668 -0.086 0.2554 0.2444
-0.588 -0.314 0.0566 0.2939 -0.360 -0.091 0.1351 -0.379 0.2609 0.3108
-0.593 0.6436 0.0147 -0.202 0.0970 -0.094 0.0897 -0.081 0.3080 0.2529
-0.597 0.5650 0.1686 -0.403 -0.342 0.0904 0.0249 0.0410 -0.029 -0.054
-0.574 0.6383 0.1174 -0.381 -0.016 -0.046 0.0569 -0.152 0.2733 -0.000
-0.581 -0.307 -0.696 -0.125 -0.081 0.1488 -0.107 -0.096 -0.090 -0.089
-0.699 0.4290 0.0601 -0.185 -0.391 0.0069 -0.137 0.1223 -0.061 -0.311
-0.562 0.6083 0.1866 -0.435 -0.272 0.0589 -0.002 -0.014 -0.030 -0.098
-0.870 -0.221 0.3911 0.0370 0.1217 0.1339 -0.059 0.0359 0.0384 -0.013
-0.740 0.4174 -0.058 0.2840 0.3600 -0.145 0.0195 0.0361 0.0214 -0.202
-0.517 -0.309 -0.717 -0.201 -0.043 0.2264 -0.121 -0.082 -0.026 -0.076
-0.756 0.3629 0.0561 0.1687 0.2503 -0.075 0.1181 0.1776 0.3705 0.1150
-0.783 0.5942 0.0030 0.0162 0.0323 -0.034 0.0277 0.0545 -0.127 0.1062
-0.652 -0.405 0.4524 0.0960 0.0618 0.2141 -0.065 -0.058 0.0580 0.3675
-0.731 0.5733 0.1186 -0.263 -0.109 0.0252 0.0069 0.0333 0.0794 -0.181
-0.765 0.5877 -0.083 0.0615 0.1335 -0.077 0.0064 0.0556 -0.175 -0.001
-0.814 0.5438 -0.062 -0.027 0.0235 -0.122 -0.112 0.0058 0.0710 -0.057
-0.777 -0.202 0.2595 0.1595 -0.251 0.0196 -0.093 -0.384 0.1092 -0.169
-0.686 -0.590 -0.025 -0.159 0.0550 -0.266 0.1573 0.0484 0.0321 -0.227
-0.785 -0.418 0.1496 -0.109 0.0470 -0.198 -0.169 0.0981 0.1376 -0.274
-0.596 -0.255 -0.694 0.0683 -0.137 0.2307 0.0016 0.0321 0.0866 -0.105
-0.667 0.6223 0.0616 -0.268 0.1464 -0.072 0.0196 -0.153 0.2010 -0.017
-0.568 0.6478 0.0845 -0.362 0.0325 -0.070 0.0536 -0.168 0.2845 -0.011
-0.695 0.1952 -0.170 0.5753 0.0092 -0.086 -0.115 0.1697 -0.240 -0.100
-0.749 0.2253 -0.030 0.4695 -0.263 -0.103 0.0826 -0.190 0.2045 -0.001
-0.712 -0.550 -0.237 -0.175 -0.107 -0.007 0.1466 -0.245 0.0165 0.0853
-0.745 0.2917 -0.082 0.3433 -0.381 -0.073 0.0852 -0.029 -0.224 0.1571
-0.770 0.3723 -0.052 0.4148 -0.102 -0.092 0.0567 -0.189 0.1785 0.0483
-0.721 -0.557 -0.038 -0.252 0.0417 -0.282 0.0299 0.0053 -0.033 0.1382
-0.628 0.6037 -0.109 0.0574 0.3605 -0.083 -0.021 -0.037 -0.281 0.0857
-0.766 0.2721 0.0033 0.3916 -0.363 -0.034 0.0326 -0.187 0.1226 0.0091
-0.779 0.5668 -0.010 0.0938 0.0770 -0.078 0.0694 0.1836 -0.059 -0.091
-0.710 -0.428 0.4294 -0.034 0.1524 0.1674 -0.129 -0.084 -0.192 0.1177
-0.812 0.3790 -0.011 0.3383 -0.094 -0.078 0.0419 -0.179 0.1777 -0.027
-0.719 0.6293 0.0513 -0.090 0.1316 -0.067 -0.002 -0.085 0.1574 -0.147
-0.867 0.1425 0.1490 -0.153 0.1148 0.0237 -0.014 -0.116 0.3575 -0.162
-0.412 0.5033 0.1715 -0.472 -0.528 0.0846 0.0872 0.1255 -0.108 0.0527
-0.470 0.4469 0.2213 -0.454 -0.546 0.1194 0.0508 0.0688 -0.025 -0.051
-0.306 -0.192 -0.682 -0.211 0.0320 0.5536 -0.138 0.0235 0.1735 0.0317
-0.506 0.5587 0.1289 -0.449 -0.447 0.0952 0.0358 0.0103 0.0320 -0.030
-0.405 0.5022 0.1591 -0.480 -0.517 0.0797 0.1008 0.1540 -0.121 0.0673
-0.595 0.6592 0.0313 -0.157 0.2068 -0.107 0.0455 -0.139 0.3304 0.0221
-0.471 0.4987 0.1849 -0.489 -0.463 0.0904 0.0782 0.1233 -0.077 0.0682
-0.439 0.4851 0.1040 -0.502 -0.518 0.1172 0.1072 0.1159 -0.011 -0.000
-0.619 -0.359 0.4169 -0.077 0.1661 0.2582 -0.243 -0.333 -0.189 0.0775
-0.611 0.5211 -0.042 -0.087 0.4293 -0.149 0.0084 -0.242 0.2805 -0.028
-0.292 -0.114 -0.738 -0.141 0.0111 0.5399 -0.176 0.0449 0.0958 0.0416
-0.698 0.4060 -0.226 0.4249 0.1213 -0.008 -0.015 0.2109 -0.235 0.0221
-0.594 0.6007 -0.052 -0.065 0.3577 -0.163 -0.010 -0.187 0.2704 -0.123
-0.671 0.5456 0.0066 -0.159 0.2810 -0.054 0.0476 -0.168 0.3015 0.1522
-0.493 -0.402 0.2916 -0.007 0.1345 0.0749 0.1435 -0.035 -0.008 0.6813
-0.479 0.5643 0.1598 -0.478 -0.427 0.0857 0.0404 0.0515 -0.054 0.0066
-0.598 0.5425 -0.099 0.0884 0.4980 -0.194 -0.083 -0.176 0.0121 -0.074
-0.408 0.1318 -0.505 -0.413 -0.253 0.5339 -0.160 0.0729 -0.000 0.0901
-0.666 0.6602 0.0204 -0.251 0.0648 -0.053 -0.015 -0.134 0.1092 -0.139
-0.507 -0.526 -0.268 -0.295 0.0067 -0.357 0.3768 -0.120 -0.131 -0.069
-0.506 -0.305 0.4883 -0.010 0.0728 0.3015 -0.379 -0.248 -0.126 -0.305
-0.601 0.5659 0.0984 -0.116 0.1926 0.0178 -0.050 -0.095 0.4811 -0.118
-0.640 0.6480 0.0857 -0.328 -0.127 -0.006 0.0209 -0.081 0.1038 -0.140
-0.554 0.4660 0.2051 -0.399 -0.481 0.0939 0.0270 0.1270 -0.121 -0.033
-0.274 -0.112 -0.698 -0.134 -0.001 0.5811 -0.216 0.0355 0.1330 0.0512
-0.410 0.0834 -0.188 0.6906 -0.477 -0.033 0.0042 -0.272 -0.071 0.0578
-0.597 -0.530 -0.204 -0.222 -0.055 -0.453 0.1776 -0.067 -0.103 -0.124
-0.715 0.5623 -0.053 0.2135 0.2995 -0.090 -0.036 -0.093 0.0594 -0.107
-0.323 -0.133 -0.694 -0.120 -0.013 0.5679 -0.175 0.0447 0.1073 0.1165
-0.429 0.4568 0.1588 -0.543 -0.507 0.1000 0.0852 0.0364 0.0422 -0.087
-0.701 0.4206 -0.071 0.2364 -0.389 0.0435 -0.105 0.0969 -0.292 -0.098
-0.536 -0.278 0.3065 0.2277 0.0355 0.1115 0.2318 0.4834 0.4090 0.1429
-0.693 0.3591 -0.120 0.4881 0.3056 -0.155 0.0562 0.0964 -0.043 -0.075
-0.566 0.4932 0.1363 -0.335 -0.507 0.0987 0.0754 0.1179 0.0329 -0.129
-0.416 0.4643 0.1874 -0.456 -0.533 0.0915 0.0950 0.1535 -0.202 0.0359
-0.521 0.5628 -0.056 -0.088 0.4196 -0.151 0.0232 -0.241 0.3736 0.0536
-0.470 -0.308 0.4092 -0.070 0.0560 0.2219 -0.289 -0.421 -0.326 0.3017
-0.690 0.2435 0.0024 0.4722 0.1219 0.0321 0.0339 0.4524 -0.091 -0.105
-0.672 0.6670 0.0290 -0.186 0.2119 -0.092 -0.006 -0.102 0.0376 -0.034
-0.508 -0.048 -0.213 0.5851 -0.457 -0.117 0.0801 -0.344 0.0348 0.0343
-0.549 0.6326 0.1101 -0.423 -0.010 -0.047 0.0345 -0.157 0.2543 -0.117
-0.323 -0.137 -0.754 -0.133 0.0067 0.4942 -0.174 0.0570 0.0801 0.0763
-0.526 -0.512 -0.335 -0.322 -0.040 -0.363 0.1993 -0.156 -0.148 -0.153
-0.649 -0.523 -0.240 -0.178 -0.111 -0.244 0.2042 -0.275 -0.140 -0.070
-0.616 -0.526 -0.183 -0.178 -0.106 -0.318 0.2310 -0.288 -0.166 0.0269
-0.546 -0.164 -0.537 0.3312 -0.411 -0.133 -0.004 -0.295 0.0265 -0.019
-0.718 0.6001 0.0019 -0.089 -0.074 0.0189 -0.038 0.0376 -0.318 0.0695
-0.533 -0.518 -0.206 -0.281 -0.070 -0.503 0.0047 -0.168 -0.194 -0.022
-0.610 -0.521 -0.152 -0.262 -0.060 -0.482 0.0129 -0.103 -0.104 -0.068
-0.738 -0.551 0.2336 0.0048 0.0623 -0.052 0.1156 0.1073 0.1002 0.2323
-0.476 -0.493 -0.193 -0.356 0.0121 -0.385 0.1331 -0.311 -0.314 -0.044
-0.732 -0.399 0.1342 0.0597 0.0465 -0.050 0.1352 0.1636 0.0919 -0.474
-0.355 -0.116 -0.061 0.5489 -0.519 -0.113 0.0631 -0.379 0.3456 0.0610
-0.521 -0.329 -0.702 -0.203 0.0220 0.2747 0.0152 0.0348 0.0190 -0.080
-0.523 0.4378 0.1333 -0.368 -0.558 0.1084 0.0402 0.1781 -0.089 -0.125
-0.829 -0.368 0.2688 0.1662 -0.150 -0.015 0.1141 0.0248 0.1973 0.0136
-0.453 0.0163 -0.131 0.5912 -0.501 -0.036 0.0112 -0.400 0.0770 0.0930
-0.682 0.2664 -0.155 0.5293 0.1053 -0.027 0.0243 0.3298 -0.171 -0.088
-0.448 0.4753 0.1796 -0.433 -0.507 0.0971 0.0798 0.1728 -0.219 0.0397
-0.494 0.4834 0.2314 -0.468 -0.469 0.1302 0.0143 0.0658 -0.048 -0.063
-0.800 -0.501 0.1308 -0.084 -0.073 -0.217 -0.018 -0.030 0.0315 -0.170
-0.619 0.5169 -0.093 0.1750 0.5206 -0.145 -0.029 -0.109 -0.026 -0.057
-0.633 0.2482 -0.211 0.6042 -0.203 0.0263 -0.056 0.0675 -0.271 -0.054
-0.670 -0.295 0.1917 -0.006 0.0795 0.0086 0.2739 0.3835 0.3018 -0.325
-0.615 0.1655 -0.210 0.6127 -0.311 -0.030 0.0042 0.0610 -0.268 -0.019
-0.345 -0.095 -0.736 -0.127 0.0046 0.5146 -0.185 0.0718 0.0536 0.0754
-0.445 0.4880 0.1766 -0.451 -0.502 0.0770 0.0904 0.1522 -0.195 0.0201
-0.640 -0.326 0.2720 0.2274 0.0166 0.0962 0.2010 0.4158 0.3610 0.0597
-0.371 -0.139 -0.750 -0.095 -0.018 0.4748 -0.175 0.0623 0.0526 0.0776
-0.520 0.4804 0.1266 -0.457 -0.487 0.0591 0.0951 0.1310 0.0674 -0.029
-0.696 0.5833 0.0141 -0.118 0.2025 -0.094 0.0130 -0.166 0.2849 -0.038
-0.487 -0.324 0.2957 0.0844 0.1655 0.0934 0.2600 0.2853 0.3026 0.5344
-0.582 0.5477 -0.254 0.0550 0.4836 -0.080 -0.022 -0.116 0.1511 0.1234
-0.447 0.4846 0.2033 -0.460 -0.522 0.1121 0.0546 0.1195 -0.093 -0.009
-0.380 -0.039 -0.111 0.5062 -0.543 -0.068 0.0315 -0.461 0.2293 0.1374
-0.457 0.5040 0.1593 -0.409 -0.460 0.0691 0.1112 0.2317 -0.209 0.1309
-0.623 -0.531 -0.159 -0.250 0.0519 -0.293 0.3504 -0.069 -0.116 -0.100
-0.209 -0.142 -0.122 -0.061 -0.151 -0.553 -0.697 0.2424 0.1176 0.1673
-0.625 -0.511 -0.208 -0.213 -0.047 -0.304 0.3588 -0.132 -0.092 -0.087
-0.448 -0.312 0.4212 0.0136 0.0646 0.2516 -0.358 -0.121 0.0348 -0.558
-0.533 0.4616 0.1969 -0.453 -0.456 0.0822 0.0062 -0.082 0.1276 -0.141
-0.523 0.0707 -0.099 0.7035 -0.438 -0.037 0.0735 -0.005 0.1179 -0.051
-0.395 0.1523 -0.513 -0.376 -0.213 0.5503 -0.211 0.1002 0.0090 0.1062
-0.534 -0.396 0.2751 0.0774 0.1671 0.0451 0.2631 0.3115 0.1703 0.5004
-0.471 -0.430 -0.185 -0.278 -0.077 -0.617 -0.284 -0.013 -0.107 0.0224
-0.471 0.4791 0.1911 -0.393 -0.525 0.1136 0.0802 0.1943 -0.151 -0.022
-0.504 0.4707 0.1942 -0.412 -0.496 0.1104 0.0526 0.1405 -0.182 0.0268
-0.516 -0.336 0.4091 -0.002 0.0518 0.2221 -0.290 -0.089 0.0475 -0.552
-0.812 0.0654 0.1619 0.2010 -0.096 0.0403 0.0334 0.3765 0.1493 -0.305
-0.360 -0.072 -0.120 0.5413 -0.530 -0.068 -0.021 -0.416 0.3053 0.0631
-0.586 0.5904 0.1030 -0.403 -0.129 -0.030 0.0807 -0.075 0.3027 -0.109
-0.634 -0.529 -0.184 -0.192 -0.006 -0.328 0.2707 0.1277 0.0618 -0.212
-0.599 0.6082 0.0326 -0.365 -0.145 0.0045 0.0604 -0.039 0.3256 -0.062
-0.591 -0.533 -0.385 -0.319 0.0127 -0.139 0.2177 -0.115 -0.138 -0.124
-0.610 0.1980 -0.080 0.5654 0.1589 -0.004 0.0104 0.3999 -0.277 -0.004
-0.531 0.6223 0.1042 -0.469 -0.168 -0.005 0.0495 -0.109 0.2348 -0.031
-0.256 -0.168 -0.108 -0.057 -0.151 -0.555 -0.653 0.2797 0.1623 0.1684
-0.545 0.4620 0.1879 -0.478 -0.397 0.0989 0.0150 0.0379 0.1285 -0.196
-0.674 0.2277 -0.147 0.5353 -0.332 0.0060 -0.063 0.0433 -0.260 0.0057
-0.542 0.5981 0.0929 -0.465 -0.210 -0.015 0.0861 -0.085 0.2429 -0.063
-0.422 0.1417 -0.592 -0.248 -0.119 0.5452 -0.210 0.0839 -0.103 0.1237
-0.564 -0.328 0.3227 0.1973 0.1259 0.1356 0.2319 0.4148 0.2817 0.3010
-0.564 -0.326 0.3778 -0.030 0.0029 0.1595 -0.324 -0.168 0.0118 -0.520
-0.511 -0.541 -0.073 -0.303 0.0814 -0.243 0.2554 -0.272 -0.305 0.2203
-0.675 0.2562 -0.026 0.4955 0.1339 0.0093 0.0386 0.4334 -0.141 -0.064
-0.533 0.6485 0.0721 -0.422 -0.079 -0.053 0.0656 -0.160 0.2593 -0.069
-0.716 -0.383 0.3343 0.1509 0.0530 0.0766 0.1611 0.2938 0.2898 0.0062
-0.598 -0.283 0.2698 0.2936 0.1341 0.1341 0.1718 0.3989 0.1610 0.3890
-0.572 -0.540 -0.321 -0.329 0.0895 -0.101 0.2934 -0.157 -0.181 0.0702
-0.602 -0.510 -0.279 -0.279 -0.021 -0.385 0.1951 -0.097 -0.126 -0.089
-0.644 0.1815 -0.176 0.5302 0.0169 0.0129 0.0294 0.3414 -0.331 -0.107
-0.386 -0.091 -0.758 -0.087 0.0154 0.4693 -0.164 0.0792 -0.002 0.0677
-0.561 0.4351 0.2921 -0.376 -0.426 0.1671 -0.038 0.1705 -0.158 -0.049
-0.312 -0.104 -0.729 -0.131 -0.013 0.5368 -0.181 0.0693 0.0971 0.0792
-0.527 0.5520 0.2030 -0.444 -0.392 0.0566 0.0863 0.0967 0.0187 -0.056
-0.483 -0.256 -0.159 0.3024 -0.478 -0.296 0.1740 -0.433 0.2186 0.0361
-0.641 -0.290 -0.599 0.0160 -0.135 -0.275 -0.098 0.0706 -0.188 0.0214
-0.534 -0.334 0.3300 -0.010 0.0233 0.2217 -0.369 -0.161 -0.002 -0.531
-0.480 0.4820 0.1387 -0.427 -0.499 0.0627 0.1077 0.1575 -0.211 0.0328
-0.508 -0.154 -0.678 -0.079 -0.017 0.4523 -0.162 0.0862 0.0565 -0.091
-0.655 0.2367 -0.112 0.4852 -0.083 0.0048 -0.027 0.3435 -0.346 -0.143
-0.629 0.3445 -0.129 0.4189 0.4241 -0.164 0.0340 0.1665 -0.147 -0.188
-0.522 0.4841 0.2218 -0.460 -0.435 0.1104 0.0460 0.0885 -0.115 -0.079
-0.559 0.4944 0.2109 -0.459 -0.397 0.0983 0.0536 0.0410 0.0152 -0.123
-0.643 0.6274 0.1018 -0.338 -0.201 0.0687 -0.031 -0.047 -0.030 -0.133
-0.601 -0.496 -0.229 -0.176 0.0933 -0.169 0.4754 0.1397 0.0838 0.1342
-0.530 0.5098 0.1997 -0.431 -0.448 0.0907 0.0579 0.0970 -0.006 -0.102
-0.595 0.5525 0.1579 -0.382 -0.344 0.0525 0.0972 0.0620 0.1526 0.1011
-0.455 0.4744 0.1849 -0.468 -0.519 0.0822 0.0796 0.1261 -0.123 0.0010
-0.563 0.5271 0.1580 -0.446 -0.403 0.0947 0.0281 -0.010 0.0791 -0.029
-0.659 0.5463 0.0581 -0.177 0.2955 -0.117 0.0128 -0.203 0.2944 -0.048
-0.617 0.6053 -0.076 -0.024 0.3308 -0.165 -0.016 -0.169 0.2816 -0.008
-0.720 0.6391 0.0295 -0.168 0.1416 -0.088 0.0594 -0.045 0.0975 0.0058
-0.641 -0.314 0.3388 0.0710 -0.085 0.1039 -0.288 -0.286 -0.014 -0.431
-0.564 0.6617 0.0461 -0.378 0.0111 -0.055 0.0441 -0.163 0.2548 -0.038
-0.624 -0.477 -0.273 -0.129 0.0039 -0.319 0.3450 -0.021 -0.108 -0.239
-0.517 -0.542 -0.193 -0.305 0.0057 -0.365 0.1499 -0.242 -0.301 0.0331
-0.460 0.4776 0.1947 -0.465 -0.518 0.0900 0.0764 0.1158 -0.095 0.0170
-0.606 -0.595 -0.284 -0.261 0.0140 -0.195 0.2684 -0.038 0.0012 -0.129
-0.560 0.0695 -0.405 0.4407 0.0442 -0.088 -0.162 0.2243 -0.482 0.0568
-0.569 0.4882 0.2092 -0.410 -0.441 0.1009 0.0393 0.1118 -0.027 -0.075
-0.758 0.5025 0.0176 -0.193 -0.023 0.1806 -0.191 -0.155 0.1864 -0.079
-0.420 0.4374 0.1920 -0.455 -0.583 0.1089 0.0831 0.1339 -0.097 -0.018
-0.610 0.6424 -0.062 -0.214 0.1967 -0.139 0.0067 -0.189 0.2382 0.1186
-0.342 -0.114 -0.691 -0.118 -0.037 0.5613 -0.194 0.0344 0.1463 0.0115
-0.642 0.5979 0.1730 -0.311 -0.271 0.0686 0.0164 0.0339 0.0288 -0.146
-0.800 0.0148 0.1637 0.4120 -0.057 0.1278 -0.205 0.1190 -0.161 -0.244
-0.299 -0.196 -0.141 -0.065 -0.143 -0.575 -0.610 0.2891 0.1461 0.1343
-0.510 -0.147 -0.482 0.3817 -0.444 -0.112 -0.029 -0.346 0.0697 0.0490
-0.588 -0.535 -0.276 -0.332 0.1427 0.1127 0.1719 -0.224 -0.133 0.2222
-0.533 -0.457 -0.322 -0.288 -0.041 -0.419 0.2224 -0.144 -0.240 -0.114
-0.845 -0.178 0.0125 0.3280 0.1343 -0.013 0.0481 0.2669 -0.225 -0.058
-0.475 -0.490 -0.283 -0.319 -0.036 -0.471 0.1117 -0.198 -0.273 -0.029
-0.574 0.5696 0.1631 -0.407 -0.368 0.0512 0.0240 0.0024 0.0118 -0.115
-0.391 -0.067 -0.124 0.5290 -0.523 -0.066 0.0445 -0.421 0.2498 0.1598
-0.629 0.4779 -0.173 0.3141 0.4686 -0.055 -0.083 0.0470 -0.117 -0.033
-0.588 -0.316 -0.645 -0.227 0.0310 0.2628 0.1102 0.0006 0.0162 -0.054
-0.640 -0.067 0.4324 0.0210 -0.002 0.2403 -0.329 -0.052 0.0680 -0.473
-0.631 0.3334 -0.173 0.5246 -0.035 -0.005 -0.121 0.1226 -0.389 -0.043
-0.590 -0.345 0.4195 0.0668 0.0007 0.2110 -0.317 -0.115 0.0445 -0.436
-0.557 -0.394 0.4351 -0.116 0.2055 0.2866 -0.141 -0.224 -0.204 0.3052
-0.557 -0.394 0.4351 -0.116 0.2055 0.2866 -0.141 -0.224 -0.204 0.3052
-0.555 0.5488 0.1629 -0.380 -0.396 0.0616 0.1103 0.1462 0.0843 0.1306
-0.557 0.6103 -0.020 -0.171 0.3312 -0.149 0.0375 -0.241 0.3010 0.0660
-0.716 -0.371 0.3517 -0.160 0.1302 0.0927 -0.258 -0.173 -0.149 0.2322
-0.550 -0.527 -0.203 -0.281 -0.011 -0.374 0.2213 -0.208 -0.256 0.0080
-0.547 0.5885 -0.069 -0.025 0.3770 -0.121 0.0300 -0.192 0.3165 0.2295
-0.746 -0.218 0.2112 0.1272 0.0568 -0.000 0.2489 0.4221 0.2130 -0.211
-0.691 -0.446 0.2749 -0.036 -0.019 0.1421 -0.221 -0.120 0.0669 -0.395
-0.488 -0.028 -0.136 0.5347 -0.505 -0.120 0.0480 -0.417 0.0832 0.0476
-0.645 -0.254 0.3911 0.1780 0.0341 0.1707 0.1521 0.3208 0.2421 0.3436
-0.637 -0.535 0.0690 -0.162 -0.059 -0.145 0.1230 -0.414 -0.162 0.1954
-0.601 -0.529 -0.418 -0.341 0.0217 -0.006 0.1845 -0.129 -0.117 0.0184
-0.529 0.0429 -0.356 0.5748 -0.104 -0.068 -0.073 0.2666 -0.378 -0.156
-0.605 0.5652 -0.202 0.1096 0.4444 -0.135 0.0019 -0.146 0.1334 0.0739
-0.520 -0.497 -0.162 -0.353 0.0188 -0.373 0.2023 -0.266 -0.261 -0.101
-0.520 -0.497 -0.162 -0.353 0.0188 -0.373 0.2023 -0.266 -0.261 -0.101
-0.597 -0.513 -0.445 -0.261 0.0362 -0.130 0.2660 0.1265 0.0189 -0.081
-0.595 0.3295 -0.215 0.3577 0.3706 -0.094 -0.088 0.0841 -0.448 0.0196
-0.521 -0.299 -0.148 0.2740 -0.452 -0.289 0.1583 -0.435 0.1953 0.0299
-0.565 -0.236 0.2866 0.1107 -0.037 0.2483 -0.290 -0.034 0.1030 -0.608
-0.611 0.6148 0.1144 -0.341 -0.253 0.0211 0.0571 0.0635 -0.198 0.0820
-0.624 0.6411 0.0156 -0.156 0.3069 -0.143 0.0182 -0.152 0.1721 -0.081
-0.752 -0.467 0.2297 0.0924 0.0746 -0.029 0.2322 0.2405 0.1818 0.0386
-0.676 -0.251 0.2446 0.1443 0.1139 0.1601 0.1648 0.4816 0.3178 0.0068
-0.545 -0.520 -0.343 -0.268 0.0117 -0.306 0.3573 -0.030 -0.093 -0.104
-0.666 -0.336 -0.045 0.0877 0.0003 -0.234 0.4056 0.3392 0.1883 -0.249
-0.725 -0.436 -0.274 -0.028 0.0714 -0.213 0.2872 0.1682 -0.097 -0.187
-0.775 -0.477 -0.196 -0.228 -0.035 -0.176 0.1819 -0.062 -0.011 -0.097
-0.672 0.1229 -0.104 0.6140 -0.138 0.0820 0.0072 0.2811 -0.198 0.0255
-0.336 -0.033 -0.113 0.5608 -0.529 -0.084 0.0501 -0.435 0.2343 0.1521
-0.547 0.4961 0.1943 -0.421 -0.417 0.0965 0.0390 0.0838 -0.208 0.0594
-0.627 -0.505 -0.263 -0.175 0.0399 -0.285 0.3640 0.1668 0.0508 -0.064
-0.683 0.6104 -0.267 -0.087 0.2290 0.0736 -0.132 -0.057 0.0365 -0.030
-0.653 0.5175 -0.119 0.1615 0.4558 -0.141 0.0034 -0.008 0.0758 -0.177
-0.701 -0.400 0.3957 0.1376 0.0936 0.1284 0.1081 0.2800 0.1766 0.1602
-0.711 0.6694 0.0676 -0.174 0.0695 -0.068 0.0346 -0.003 0.0014 -0.010
-0.672 0.4129 -0.090 0.4122 0.3415 -0.097 0.0454 0.2491 -0.023 -0.091
-0.392 -0.284 -0.212 -0.071 -0.079 -0.531 -0.446 0.4233 0.2145 -0.032
-0.666 0.1506 -0.216 0.5825 -0.090 0.0663 -0.017 0.2878 -0.218 0.0621
-0.574 -0.427 0.2743 0.0283 0.1094 0.0668 0.2473 0.1850 0.1690 0.5195
-0.528 -0.403 0.0662 -0.145 -0.013 -0.427 -0.365 0.2757 0.1502 0.3429
-0.744 0.4636 -0.159 0.1578 -0.323 0.0314 -0.007 0.0916 -0.255 0.0326
-0.614 0.0579 0.0043 0.5934 -0.093 0.0214 0.0911 0.4879 -0.104 -0.000
-0.825 -0.070 -0.043 0.3825 0.2587 -0.052 0.0944 -0.005 -0.263 0.1288
-0.733 0.6045 -0.041 0.0077 0.1981 -0.092 -0.011 -0.111 0.1555 -0.098
-0.616 -0.387 0.4579 0.0331 0.1444 0.2266 0.0843 0.2143 0.2243 0.2888
-0.760 -0.485 0.3862 -0.005 0.0463 0.1205 -0.073 -0.110 0.0435 0.0068
-0.637 0.6916 0.0490 -0.235 -0.142 -0.066 0.0673 0.0074 -0.060 0.1584
-0.599 0.3259 -0.202 0.5587 -0.129 0.0383 -0.044 0.2220 -0.329 0.0555
-0.487 0.4140 0.2318 -0.436 -0.469 0.1301 0.0322 0.1380 -0.295 0.0440
-0.661 -0.486 -0.127 -0.206 0.0555 -0.362 0.3426 -0.017 -0.061 -0.107
-0.785 -0.196 0.4102 -0.016 -0.168 0.1871 -0.155 -0.283 -0.071 0.0454
-0.540 0.5519 0.1350 -0.485 -0.313 0.0514 0.0286 -0.060 0.1789 -0.110
-0.621 0.4831 0.0655 -0.192 -0.400 0.1072 -0.002 0.1701 -0.367 0.0597
-0.629 -0.539 -0.369 -0.288 0.0707 -0.011 0.1725 -0.155 -0.180 0.0381
-0.684 0.5089 0.0142 0.1489 0.4315 -0.094 -0.112 -0.164 -0.108 -0.055
-0.454 0.4944 0.1906 -0.518 -0.466 0.0945 0.0666 0.0415 0.0551 -0.087
-0.686 0.3784 -0.087 0.4468 -0.263 0.0159 -0.029 0.1002 -0.311 -0.010
-0.713 -0.538 0.0236 -0.134 0.0143 -0.292 -0.077 -0.199 -0.213 -0.077
-0.598 0.5836 0.1481 -0.411 -0.279 0.0306 0.0448 -0.090 0.1075 -0.095
-0.547 -0.530 -0.102 -0.196 0.1051 0.0280 0.2284 -0.121 -0.071 0.5344
-0.545 0.5141 0.1595 -0.481 -0.345 0.0726 0.0702 -0.002 0.2178 -0.062
-0.729 0.3573 -0.195 0.3986 0.0435 0.0229 -0.104 0.1631 -0.319 0.0324
-0.638 -0.473 0.3872 -0.046 0.1337 0.1036 0.0552 -0.044 -0.031 0.4249
-0.600 -0.572 -0.068 -0.245 0.0062 -0.385 0.2220 -0.136 -0.173 0.0065
-0.600 -0.572 -0.068 -0.245 0.0062 -0.385 0.2220 -0.136 -0.173 0.0065
-0.696 0.0684 -0.118 0.5005 0.1973 -0.076 0.0621 0.3288 -0.216 -0.203
-0.600 -0.481 -0.446 -0.322 0.0795 0.1978 0.0978 -0.157 -0.007 0.1547
-0.197 -0.170 -0.146 -0.105 -0.131 -0.578 -0.671 0.2483 0.1114 0.1492
-0.755 0.4480 0.0818 0.1735 -0.145 -0.052 -0.025 -0.039 0.3544 -0.199
-0.618 -0.442 0.4462 0.0115 0.0682 0.2606 -0.245 -0.070 0.0090 -0.289
-0.649 0.6128 -0.103 -0.069 0.3564 -0.153 -0.061 -0.169 0.0652 -0.006
-0.596 0.2600 -0.146 0.6439 -0.047 0.0185 0.0007 0.2591 -0.263 -0.029
-0.660 -0.533 -0.098 -0.167 0.0401 -0.184 0.3477 0.1930 0.0969 -0.193
-0.589 0.3501 -0.136 0.3337 0.0654 0.0066 -0.021 0.3045 -0.549 0.0216
-0.692 0.6255 -0.053 -0.076 0.2822 -0.095 2.2437 -0.135 0.0864 -0.077
-0.542 0.1171 -0.178 0.6183 -0.130 -0.036 0.0037 0.2778 -0.386 -0.181
-0.421 -0.163 -0.024 0.4162 -0.500 -0.079 0.0203 -0.563 0.1991 0.0855
-0.600 -0.307 0.3032 0.2087 0.0771 0.1512 0.2009 0.4175 0.3405 0.2226
-0.593 -0.402 0.3426 -0.067 0.0963 0.0847 0.1013 -0.088 -3.754 0.5737
-0.524 -0.297 0.3923 -0.036 0.0836 0.3150 -0.379 -0.370 -0.252 0.1708
-0.610 0.4208 -0.172 0.3817 0.1462 -0.026 -0.010 0.2228 -0.444 0.0760
-0.580 -0.316 0.5061 -0.057 0.0802 0.2975 -0.336 -0.271 -0.146 -0.015
-0.797 -0.343 0.2768 0.1423 -0.079 0.0761 0.1174 0.2102 0.2798 -0.029
-0.700 0.0059 -0.218 0.5353 -0.246 0.0103 -0.046 0.0251 -0.309 -0.120
-0.866 0.2999 0.1423 -0.169 -0.231 0.1129 -0.060 -0.119 -0.070 -0.145
-0.466 -0.296 -0.176 -0.190 -0.119 -0.592 -0.483 0.1554 0.0369 0.0522
-0.576 -0.542 -0.368 -0.303 0.0346 -0.148 0.3058 -0.090 -0.101 0.0971
-0.594 -0.056 -0.150 0.6263 -0.370 -0.066 0.0718 -0.279 0.0414 0.0405
-0.704 -0.449 0.2477 0.1045 0.1399 -0.016 0.2154 0.1941 0.0643 0.3484
-0.676 -0.416 0.2542 0.0775 0.0751 0.0596 0.1570 0.3063 0.2489 -0.329
-0.593 0.5219 0.1890 -0.389 -0.402 0.0771 0.0715 0.1051 0.0102 -0.056
-0.657 -0.544 -0.355 -0.223 -0.025 -0.182 0.1522 0.0066 -0.014 -0.194
-0.625 0.4673 -0.105 0.2331 0.0566 -0.041 -0.020 0.1419 -0.535 0.1111
-0.779 0.5276 -0.085 0.1161 -0.025 -0.044 0.0063 0.0254 0.2983 0.0279
-0.421 0.0188 -0.147 0.6421 -0.492 -0.077 0.0460 -0.338 0.1265 0.0817
-0.695 0.1088 -0.164 0.4317 -0.021 -0.026 -0.085 0.1577 -0.010 -0.508
-0.642 0.5506 0.1977 -0.359 -0.239 0.0529 0.0147 -0.019 0.1347 -0.191
-0.873 -0.123 -0.050 0.2455 -0.046 0.0597 0.1172 0.3228 0.1042 -0.152
-0.536 -0.478 -0.499 -0.364 0.0241 0.0971 0.1042 -0.240 -0.112 0.0928
-0.620 -0.552 -0.000 -0.197 0.1106 -0.249 0.3290 -0.137 -0.190 0.1800
-0.708 0.2325 -0.054 0.3572 0.3830 -0.000 0.0884 0.3176 -0.057 0.2345
-0.559 0.4564 -0.074 0.0941 0.4063 -0.159 0.0553 -0.240 0.3694 0.2770
-0.808 -0.298 -0.103 0.0949 0.0929 -0.185 0.2657 0.1903 0.0758 -0.284
-0.561 0.4985 -0.136 0.1183 0.5543 -0.180 -0.010 -0.205 -0.132 0.0652
-0.590 0.6232 0.1632 -0.372 -0.257 0.0474 0.0343 0.0316 0.1328 -0.091
-0.554 0.5535 -0.137 0.0607 0.5282 -0.163 -0.025 -0.220 0.0878 -0.020
-0.599 -0.344 0.3409 0.1458 -0.027 0.1390 -0.140 0.0781 0.0327 -0.580
-0.602 0.4489 0.2095 -0.447 -0.412 0.1031 0.0010 -0.054 -0.004 -0.083
-0.687 0.1024 -0.075 0.5674 -0.180 -0.061 0.0119 0.2602 0.0146 -0.290
-0.754 0.0761 -0.195 0.4418 0.1215 -0.014 0.0404 0.3093 -0.200 -0.198
-0.638 -0.139 0.2731 0.2213 0.0692 0.0914 0.1709 0.3417 0.4744 0.2558
-0.606 -0.519 -0.162 -0.192 -0.001 -0.326 0.3706 0.0113 -0.005 -0.234
-0.771 -0.174 0.1683 0.3308 -0.088 0.0067 0.1121 0.1747 0.1124 0.4159
-0.665 0.2277 -0.178 0.4096 -0.266 -0.066 -0.282 -0.030 -0.358 0.1442
-0.547 -0.542 -0.258 -0.314 0.0476 -0.293 0.3183 -0.142 -0.166 -0.045
-0.620 -0.013 -0.130 0.6344 -0.264 -0.000 0.0270 -0.100 -0.224 0.2528
-0.562 -0.501 -0.302 -0.252 -0.046 -0.457 0.1974 -0.002 -0.079 -0.139
-0.664 -0.492 -0.158 -0.196 -0.117 -0.330 0.2539 -0.084 -0.029 -0.236
-0.624 -0.539 -0.137 -0.289 0.0384 -0.378 0.0832 -0.128 -0.198 -0.095
-0.580 0.2915 -0.182 0.2916 0.0931 0.0167 -0.029 0.2931 -0.578 0.1687
-0.607 -0.532 -0.200 -0.244 0.0884 -0.155 0.3735 -0.088 -0.150 0.2129
-0.453 0.0208 -0.163 0.6605 -0.488 -0.054 0.0464 -0.243 0.1325 0.1025
-0.665 -0.352 0.3958 -0.043 0.0940 0.2413 -0.272 -0.324 -0.157 -0.053
-0.706 -0.202 0.1676 0.0869 -0.012 0.1822 0.0905 0.4382 0.3595 -0.247
-0.814 0.4017 -0.153 0.2471 0.0237 -0.063 0.0106 0.1317 -0.195 -0.172
-0.610 -0.348 0.3205 0.1706 0.0955 0.1261 0.0968 0.4134 0.2929 -0.288
-0.676 0.3643 0.0197 0.1155 0.3655 -0.102 0.1280 0.0247 0.4163 0.2472
-0.516 0.5179 0.1892 -0.431 -0.452 0.0943 0.0609 0.1021 -0.030 -0.116
-0.458 -0.116 -0.088 0.5323 -0.515 -0.162 0.0579 -0.320 0.2922 0.0340
-0.725 0.4756 -0.117 0.0273 0.3164 0.0183 0.0293 -0.072 0.3494 0.0605
-0.411 -0.094 -0.727 -0.037 0.0344 0.4930 -0.194 0.0615 -0.051 0.0476
-0.748 -0.132 0.1449 0.3549 -0.181 -0.013 0.1451 0.1692 0.0934 0.4286
-0.477 0.5151 0.1664 -0.457 -0.495 0.0719 0.0726 0.1078 -0.020 0.0438
-0.526 -0.552 -0.343 -0.348 0.0349 -0.206 0.2348 -0.179 -0.205 -0.074
-0.642 -0.178 -0.651 0.1851 -0.268 -0.094 -0.046 -0.046 -0.093 -0.044
-0.726 -0.243 0.2825 0.3096 0.0002 0.1654 0.0199 0.3599 0.2345 -0.158
-0.541 0.6559 0.0072 -0.232 0.2846 -0.122 0.0071 -0.247 0.2517 -0.042
-0.624 -0.519 -0.208 -0.227 0.0136 -0.264 0.3692 0.0188 0.0364 -0.190
-0.670 -0.303 0.3833 0.0290 -0.026 0.1842 -0.312 -0.122 0.0398 -0.402
-0.634 0.2436 -0.120 0.5783 0.0907 -0.017 -0.003 0.3777 -0.174 -0.082
-0.523 -0.346 0.4669 -0.080 0.1563 0.2754 -0.274 -0.287 -0.281 0.2114
-0.787 -0.419 -0.235 -0.004 0.0515 -0.242 0.2913 0.0205 -0.045 -0.005
-0.655 0.4597 -0.108 0.2544 0.4217 -0.103 -0.033 0.0073 -0.301 0.0494
-0.667 0.1614 -0.321 0.3415 0.1170 0.2589 -0.072 0.4433 -0.011 -0.161
-0.627 0.3753 -0.164 0.4453 0.0086 -0.039 -0.074 0.0820 -0.471 0.0606
-0.571 -0.377 0.4095 -0.132 0.0796 0.3197 -0.313 -0.263 -0.120 -0.235
-0.685 0.3576 -0.069 0.4801 0.3069 -0.111 0.0070 0.2175 -0.110 -0.032
-0.692 -0.373 -0.403 -0.078 0.0793 -0.141 0.2700 0.1937 -0.033 -0.270
-0.598 0.1269 -0.252 0.6658 -0.323 -0.036 -0.056 -0.011 -0.094 0.0257
-0.789 -0.428 0.3517 -0.020 0.1132 0.1208 0.0504 0.1774 0.0831 0.0039
-0.675 -0.436 0.2006 -0.052 -0.013 -0.035 -0.074 -0.084 0.0195 -0.543
-0.468 -0.077 -0.091 0.5843 -0.494 -0.121 0.1257 -0.344 0.1515 0.0881
-0.689 -0.480 0.3031 0.0606 0.1510 0.0917 0.1837 0.2867 0.2247 0.0325
-0.708 0.3837 -0.070 0.3937 0.2106 -0.014 -0.009 0.3030 -0.190 -0.136
-0.641 0.4633 -0.058 0.1783 0.4219 -0.104 -0.088 -0.079 -0.366 0.0328
-0.759 -0.380 0.3486 -0.091 0.0373 0.2588 -0.216 -0.178 -0.034 -0.013
-0.460 -0.120 -0.673 0.0448 -0.182 0.4690 -0.149 -0.082 0.1853 -0.019
-0.678 -0.516 -0.273 -0.186 0.0076 -0.227 0.2532 0.0184 -0.072 -0.206
-0.620 -0.451 0.1842 -0.100 0.0571 -0.214 -0.124 0.2473 0.1523 0.4671
-0.624 -0.509 0.3972 -0.070 0.1284 0.1160 -0.176 -0.170 -0.021 -0.309
-0.756 0.6332 -0.057 0.0303 -0.015 0.0421 0.0043 0.1195 -0.063 0.0471
-0.789 0.1380 0.1107 0.3289 -0.408 0.0926 -0.098 -0.042 0.0898 -0.203
-0.701 0.0972 -0.047 0.5824 -0.208 -0.060 -0.047 0.2961 -0.140 0.0091
-0.619 0.0105 0.0316 0.4426 0.0497 0.0607 -0.024 0.3865 -0.315 -0.404
-0.766 -0.429 0.2893 -0.077 0.0634 0.2954 -0.161 -0.115 0.0592 0.0649
-0.786 0.4405 -0.069 0.3335 -0.053 -0.023 -0.020 0.2216 -0.093 -0.098
-0.543 -0.232 -0.660 -0.043 -0.141 -0.030 -0.411 0.1381 0.0340 -0.051
-0.603 0.5124 -0.100 -0.464 -0.279 0.1752 0.0185 0.0186 0.1892 -0.038
-0.552 0.4124 -0.155 0.2958 0.2624 -0.078 -0.015 0.1107 -0.566 0.0649
-0.658 0.5584 0.1949 -0.346 -0.268 0.1183 -0.057 0.0253 -0.066 -0.034
-0.576 -0.512 -0.259 -0.255 -0.039 -0.325 0.3355 -0.016 0.0145 -0.229
-0.461 -0.159 0.0125 0.4068 -0.480 -0.053 0.0718 -0.510 0.2368 0.2032
-0.662 -0.357 0.3919 -0.057 0.1052 0.1739 -0.162 -0.257 -0.213 0.3117
-0.491 0.5020 0.2269 -0.526 -0.371 0.0988 0.0014 -0.071 0.0607 -0.146
-0.448 0.5233 0.1748 -0.526 -0.444 0.0634 0.0766 0.0393 0.0360 -0.085
-0.889 -0.197 0.0694 0.1921 0.0035 -0.099 0.2201 0.2398 -0.007 0.1091
-0.554 -0.591 0.0016 -0.287 0.1172 -0.153 0.1914 -0.186 -0.219 0.3215
-0.736 -0.242 0.4246 0.1287 0.0498 0.2278 0.0053 0.3082 0.2116 -0.089
-0.454 0.5178 0.1485 -0.481 -0.490 0.0660 0.1023 0.0992 -0.054 0.0561
-0.633 0.5923 0.1254 -0.372 -0.001 0.0087 -0.002 -0.163 0.2259 -0.124
-0.770 0.2146 0.2694 -0.383 -0.342 0.1107 -0.065 -0.047 -0.038 -0.042
-0.690 0.2598 -0.146 0.5633 -0.026 -0.005 0.0219 0.3148 -0.110 0.0636
-0.521 0.5625 0.1771 -0.452 -0.387 0.0548 0.0760 0.0179 0.1213 -0.033
-0.825 -0.485 0.1452 0.0590 -0.066 -0.097 0.1201 -0.167 -0.000 -0.039
-0.745 0.5149 -0.048 0.2560 -0.066 0.0476 0.0005 0.2832 -0.134 0.0750
-0.654 0.6021 0.1433 -0.317 -0.234 0.0378 0.0295 0.0553 -0.160 -0.039
-0.403 -0.337 -0.199 -0.219 -0.127 -0.641 -0.434 0.1202 0.0042 0.0700
-0.627 0.4947 -0.156 0.1966 0.4642 -0.103 -0.033 -0.047 -0.253 0.0657
-0.766 -0.484 0.2654 0.0262 0.1025 -0.015 0.1745 0.0338 0.0411 0.2520
-0.253 -0.233 -0.163 -0.173 -0.122 -0.595 -0.613 0.2126 0.0934 0.1567
-0.709 -0.563 -0.193 -0.173 -0.040 -0.297 0.1169 0.0712 0.0577 0.0139
-0.399 -0.279 -0.226 -0.129 -0.164 -0.582 -0.498 0.2559 0.1152 0.0302
-0.740 0.5312 -0.011 -0.244 0.0443 -0.056 0.0125 -0.217 0.2101 -0.110
-0.630 0.6064 -0.059 -0.000 0.3173 -0.137 0.0935 -0.077 0.2770 0.1419
-0.822 -0.354 0.0842 0.1411 -0.064 -0.122 0.0864 0.1730 -0.054 -0.332
-0.658 -0.247 0.2025 0.2321 -0.247 0.0917 -0.212 -0.126 0.1910 -0.492
-0.787 0.5605 -0.060 0.0939 0.0327 -0.144 0.0368 -0.082 0.0373 0.1486
-0.623 -0.388 0.3268 0.1263 0.0485 0.1382 -0.248 0.0005 -0.018 -0.503
-0.641 0.6407 -0.074 -0.082 0.3369 -0.124 -0.058 -0.161 0.0827 -0.018
-0.767 0.3886 -0.054 0.1314 0.1594 -0.060 0.0017 0.0191 0.3256 -0.321
-0.512 -0.267 0.0600 0.4139 -0.357 -0.027 0.1290 -0.330 0.2020 0.4412
-0.738 0.1726 0.4287 -0.298 -0.180 0.2716 -0.144 0.0348 0.0468 -0.145
-0.678 -0.307 0.5152 0.1044 0.1022 0.2525 -0.130 -0.004 0.0251 0.2772
-0.603 0.4035 0.1361 -0.360 -0.462 0.1678 0.0034 0.1901 -0.213 0.0163
-0.661 -0.356 0.3184 -0.040 -0.008 0.0592 -0.227 -0.111 -0.006 -0.514
-0.510 -0.059 -0.747 0.0778 -0.103 0.3048 -0.216 0.0524 -0.046 0.1269
-0.772 0.1600 -0.061 0.4716 -0.022 0.0076 -0.058 0.1299 -0.293 -0.211
-0.567 0.5317 0.1852 -0.429 -0.338 0.0695 0.0251 0.0772 -0.193 -0.111
-0.831 0.4537 -0.168 0.1552 0.0762 -0.086 0.0070 -0.009 -0.084 -0.170
-0.746 0.4020 -0.142 0.4734 0.1563 -0.054 -0.006 0.0866 -0.016 -0.027
-0.549 0.5759 0.1490 -0.401 -0.390 0.0620 0.0446 0.0656 -0.134 -0.051
-0.705 0.5475 -0.349 -0.009 0.1496 0.1790 -0.125 0.0751 0.0051 0.0634
-0.690 0.5331 -0.142 0.2386 0.2237 -0.074 -0.057 -0.024 -0.307 -0.083
-0.548 -0.159 -0.746 0.0323 -0.119 0.2213 -0.219 0.0636 -0.002 -0.018
-0.672 -0.396 0.1469 0.0659 0.0822 0.0210 0.3414 0.4224 0.2414 0.0626
-0.652 0.4051 0.2018 -0.147 0.3058 0.1162 -0.279 -0.338 0.1362 -0.170
-0.759 0.0599 0.1289 0.3899 -0.157 0.1166 0.0802 0.3635 0.2287 -0.149
-0.751 0.1306 0.3780 -0.190 -0.121 0.1723 -0.218 -0.070 -0.005 -0.377
-0.345 -0.235 -0.060 -0.121 -0.099 -0.556 -0.591 0.3033 0.1546 0.1418
-0.609 0.5363 0.1326 -0.299 -0.371 0.0728 -0.035 0.1482 -0.251 0.0608
-0.913 0.0562 0.0468 0.2384 -0.089 -0.056 0.0980 0.0603 0.1202 0.2526
-0.774 -0.485 0.3550 -0.020 0.0003 0.0340 -0.022 -0.083 0.0212 0.1706
-0.685 -0.441 -0.183 -0.108 0.0117 -0.369 0.2932 0.0978 -0.060 -0.231
-0.828 -0.427 0.2178 -0.008 -0.002 -0.045 -0.072 -0.138 -0.164 -0.170
-0.709 -0.479 -0.019 -0.149 -0.038 -0.201 0.3807 0.1081 0.1404 -0.159
-0.695 0.6226 0.1014 -0.209 0.0658 -0.023 -0.076 -0.154 0.0688 -0.187
-0.807 -0.383 0.2652 0.1488 -0.025 -0.041 0.1247 0.2243 0.1976 0.0330
-0.639 0.5345 0.1831 -0.365 -0.333 0.0819 -0.004 6.6648 -0.051 -0.130
-0.838 -0.382 0.2264 0.1731 -0.055 -0.095 0.0673 0.1360 0.0579 -0.174
-0.578 0.5874 0.2270 -0.425 -0.279 0.0751 -0.003 -0.006 0.0323 -0.057
-0.859 -0.201 0.2328 0.2012 -0.221 -0.038 0.1370 0.1909 0.1154 0.0868
-0.479 0.5006 0.2059 -0.484 -0.463 0.0772 0.0785 0.0786 -0.090 -0.019
-0.541 0.0121 -0.150 0.5059 -0.478 -0.022 0.0921 -0.336 0.1248 0.2471
-0.906 -0.072 0.1378 0.2439 -0.093 0.0028 0.1343 0.2582 -0.014 0.0025
-0.708 -0.593 0.0068 -0.198 0.1147 -0.019 0.2859 0.0384 0.0601 0.0732
-0.747 -0.236 0.2322 0.0047 -0.097 -0.060 -0.121 0.0902 0.0301 -0.542
-0.552 -0.361 0.3983 0.0427 0.0864 0.1960 -0.106 0.1805 0.2301 -0.510
-0.655 0.3414 -0.065 0.5014 0.3203 -0.045 0.0499 0.2403 -0.134 0.1253
-0.756 0.2026 0.0616 0.4131 -0.293 -0.062 -0.012 0.0662 0.3063 -0.155
-0.684 0.5668 0.0678 -0.318 -0.281 0.0244 0.0694 0.0474 -0.117 -0.053
-0.578 -0.130 -0.686 0.0725 -0.113 0.0464 -0.340 0.1114 -0.124 0.1185
-0.696 -0.316 0.3020 0.0678 -0.072 0.1010 -0.264 -0.105 -0.057 -0.467
-0.777 0.0125 0.1178 0.4670 0.2059 0.0949 0.0789 0.2855 0.0363 0.1500
-0.530 0.5925 0.1291 -0.450 -0.375 0.0446 0.0581 0.0185 0.0063 -0.019
-0.700 0.0377 -0.081 0.5499 0.0881 -0.102 0.1309 0.2398 -0.093 -0.312
-0.376 -0.195 -0.750 -0.157 -0.053 0.4415 -0.135 0.0163 0.1234 0.0158
-0.619 0.1597 -0.223 0.6495 -0.297 -0.058 -0.013 -0.051 -0.139 0.0695
-0.743 0.5540 -0.173 0.2873 0.1408 -0.072 -0.005 -0.012 0.0530 -0.007
-0.824 0.1788 0.2895 -0.069 -0.315 0.0982 0.0859 0.2858 -0.016 -0.040
-0.513 0.1443 -0.163 0.6790 -0.441 -0.054 -0.015 -0.163 0.0172 0.0490
-0.584 -0.513 -0.489 -0.267 -0.023 -0.094 0.2047 -0.069 -0.046 -0.161
-0.702 0.3822 -0.171 0.3335 0.4005 0.0601 -0.067 0.1853 -0.111 -0.067
-0.619 -0.553 -0.111 -0.270 0.0829 -0.236 0.3873 -0.071 -0.078 0.0046
-0.334 -0.065 -0.742 -0.081 0.0150 0.5196 -0.212 0.0245 0.0475 0.0859
-0.650 -0.513 0.2614 0.0126 0.1681 0.1153 0.0424 0.0180 -0.054 0.4457
-0.616 0.7114 -0.005 -0.297 -0.007 -0.013 0.0243 -0.100 -0.056 0.1046
-0.554 0.0470 -0.141 0.7011 -0.410 -0.016 0.0252 -0.092 0.0180 0.0247
-0.320 -0.157 -0.258 0.1792 -0.450 -0.510 -0.410 -0.174 0.2448 0.2244
-0.720 -0.103 0.0860 0.4957 -0.036 0.1036 -0.008 0.3549 0.1031 -0.260
-0.622 -0.348 0.4046 -0.027 0.1170 0.2499 -0.188 -0.217 -0.237 0.3333
-0.515 0.5977 0.1023 -0.479 -0.350 0.0507 0.0804 0.0443 -0.028 0.0380
-0.851 -0.389 0.1864 0.0592 -0.049 -0.053 -0.013 -0.021 -0.055 -0.275
-0.705 -0.336 -0.388 0.0536 -0.239 -0.404 0.0284 0.0613 -0.045 -0.082
-0.555 0.6019 0.1608 -0.385 -0.336 0.0433 0.0468 0.0810 -0.174 0.0116
-0.665 0.6537 0.0339 -0.289 -0.048 -0.069 0.0880 -0.010 0.1009 -0.140
-0.675 0.5103 0.2104 -0.348 -0.268 0.0760 0.0857 0.1569 0.0843 0.0252
-0.630 -0.469 -0.332 -0.204 -0.077 0.2726 -0.048 -0.357 -0.092 0.1049
-0.670 -0.356 0.3462 0.1659 0.0586 0.1175 0.1502 0.2325 0.2496 0.3467
-0.438 -0.170 -0.695 0.1848 -0.352 0.1892 -0.081 -0.268 0.1382 0.0503
-0.656 -0.462 -0.426 -0.218 0.0432 -0.067 0.1550 0.1197 0.0100 -0.283
-0.542 0.5790 0.1424 -0.464 -0.338 0.0398 0.0625 -0.038 0.0908 -0.063
-0.556 0.6499 0.0938 -0.404 -0.148 -0.023 0.0481 -0.117 0.2106 -0.113
-0.680 -0.084 -0.198 0.0889 0.2419 -0.206 0.3974 0.3345 0.1588 -0.294
-0.695 0.5079 0.1519 -0.271 -0.312 -0.024 0.0299 0.1557 -0.170 -0.096
-0.589 0.5611 0.2009 -0.451 -0.264 0.0708 0.0516 0.0034 0.1205 -0.024
-0.360 -0.092 -0.314 0.4520 -0.521 -0.117 0.0338 -0.472 0.1974 0.0908
-0.361 0.1191 -0.243 0.6852 -0.454 -0.042 -0.004 -0.307 -0.114 0.1016
-0.687 0.6293 -0.027 0.0384 0.0830 -0.070 0.0392 -0.088 0.0963 0.3149
-0.838 0.2906 0.1236 0.0324 0.1378 0.1181 -0.220 -0.173 -0.079 -0.279
-0.750 -0.443 0.3981 0.0880 0.0311 0.1339 -0.091 -0.059 -0.010 0.2058
-0.322 -0.310 -0.097 -0.215 -0.077 -0.597 -0.571 0.1254 0.0193 0.1951
-0.753 -0.454 0.3973 -0.020 0.1382 0.1424 -0.122 -0.112 -0.028 0.0207
-0.596 0.1091 -0.151 0.5855 -0.014 0.0862 -0.043 0.3829 -0.323 -0.071
-0.610 0.4556 0.0784 -0.191 -0.472 0.0650 0.0236 0.2287 -0.310 -0.025
-0.829 -0.309 0.0543 0.1707 -0.022 -0.206 0.3088 0.2039 0.0643 -0.017
-0.722 0.0710 0.0604 0.2278 -0.569 0.0443 -0.041 -0.094 0.1923 -0.209
-0.533 -0.418 -0.653 -0.193 -0.091 0.0810 0.1145 -0.199 -0.056 -0.060
-0.851 0.2276 0.0953 0.2582 0.2537 0.0231 -0.092 0.0079 -0.264 -0.056
-0.699 0.6514 0.1093 -0.266 -0.026 -0.019 0.0313 0.0021 -0.016 0.0327
-0.658 -0.442 0.1553 -0.079 0.0583 -0.108 0.3370 0.3194 0.2808 -0.176
-0.850 -0.048 -0.104 0.4045 -0.199 -0.097 -0.009 0.0687 -0.210 0.0341
-0.680 0.6399 0.0824 -0.269 -0.092 -0.040 0.1031 0.1147 -0.050 0.1096
-0.819 0.1101 0.0086 0.4492 -0.050 -0.033 0.1269 0.0990 0.2904 0.0091
-0.771 -0.338 0.3417 0.3285 -0.053 0.1271 -0.033 0.0663 0.1065 0.1707
-0.759 -0.205 -0.297 0.3568 -0.108 -0.167 0.1167 0.1258 -0.279 -0.129
-0.685 0.6411 0.1091 -0.276 -0.117 0.0022 0.0433 0.0611 -0.091 0.0443
-0.544 -0.401 -0.204 -0.143 -0.124 -0.563 -0.327 0.1027 0.0027 0.1716
-0.687 0.3070 0.1333 -0.065 0.3757 -0.039 -0.121 -0.244 0.3076 -0.314
-0.549 0.6617 0.0945 -0.420 -0.212 -0.013 0.0878 0.0036 0.0652 0.1304
-0.529 0.6128 0.1308 -0.395 -0.200 0.0238 0.0540 -0.061 0.3413 0.0811
-0.515 0.5767 0.1448 -0.482 -0.284 0.0374 0.0579 -0.105 0.2098 -0.081
-0.618 0.6012 -0.260 0.0510 0.0364 0.1111 -0.072 0.1644 -0.357 0.1089
-0.556 0.5952 0.1884 -0.402 -0.334 0.0656 0.0452 0.0278 0.0921 -0.102
-0.660 0.6408 -0.016 -0.299 -0.121 -0.014 0.0515 0.0071 0.0891 0.1941
-0.799 0.2354 0.2795 -0.170 -0.037 0.2327 -0.311 -0.113 -0.071 -0.163
-0.675 0.3638 -0.139 0.4252 -0.090 -0.086 0.0338 0.1040 -0.421 0.0765
-0.713 0.4216 -0.094 0.3877 0.2120 -0.031 0.0020 0.1610 -0.273 -0.081
-0.592 -0.361 -0.642 -0.224 -0.068 0.0521 -0.077 -0.161 -0.073 -0.102
-0.846 0.2116 0.1604 -0.090 -0.353 -0.062 0.0276 0.1006 -0.214 0.1398
-0.781 0.5493 0.1123 -0.200 -0.128 0.0643 -0.010 0.0568 0.0549 -0.085
-0.631 0.6845 -0.026 -0.330 0.0118 -0.067 0.0540 -0.076 0.0885 0.0322
-0.566 0.4560 -0.102 0.1115 0.3403 -0.065 -0.018 0.0278 -0.538 0.1938
-0.716 0.5962 0.0128 -0.258 0.0807 -0.113 0.0649 -0.042 0.1913 -0.050
-0.640 0.2604 -0.291 0.3553 0.0565 0.0172 -0.048 0.2601 -0.484 0.0448
-0.462 -0.117 -0.722 0.0509 -0.076 0.4550 -0.167 0.0318 0.0733 -0.036
-0.658 0.6445 0.1079 -0.298 -0.109 -0.000 0.0940 0.1122 -0.041 0.1232
-0.640 0.5396 0.1440 -0.440 -0.243 0.0247 0.0316 -0.105 0.0714 -0.078
-0.522 0.5800 0.1286 -0.490 -0.291 0.0584 0.0387 -0.094 0.1479 -0.111
-0.510 0.0530 -0.103 0.6196 -0.525 -0.075 0.0306 -0.169 0.1760 0.0134
-0.646 0.5662 -0.040 0.0911 0.2618 -0.151 -0.026 -0.264 0.2793 -0.107
-0.751 -0.483 0.3785 0.0218 0.0241 0.1325 -0.070 -0.039 0.0283 -0.180
-0.536 0.6506 0.1238 -0.451 -0.053 -0.025 0.0295 -0.157 0.1913 -0.056
-0.843 -0.319 -0.120 0.0468 0.0178 0.0026 0.0508 0.1684 -0.012 -0.372
-0.583 0.5160 -0.161 0.1333 0.1236 -0.017 -0.021 0.1817 -0.536 0.1114
-0.346 -0.077 -0.762 -0.019 -0.014 0.5039 -0.169 0.0545 -0.003 0.0829
-0.766 -0.437 0.3056 0.1041 0.0716 0.1834 0.0100 0.1830 0.1452 -0.155
-0.817 0.4778 0.0941 -0.051 0.1718 -0.055 0.1143 0.1074 0.1833 0.0348
-0.369 -0.284 -0.774 -0.208 -0.031 0.3508 -0.094 0.0400 0.0639 -0.024
-0.330 -0.070 -0.759 -0.054 -0.015 0.5116 -0.175 0.0595 0.0036 0.0937
-0.663 0.6155 0.1099 -0.309 -0.006 -0.025 0.0256 -0.113 0.2422 0.0261
-0.761 0.4854 0.0566 -0.146 -0.304 0.0427 -0.007 -0.206 0.1375 0.0552
-0.618 -0.291 0.2868 0.0456 -0.001 0.1018 -0.293 -0.019 0.0283 -0.591
-0.662 -0.419 0.4271 -0.027 0.1279 0.2000 -0.226 -0.212 -0.169 -0.143
-0.656 0.5573 0.0705 -0.204 -0.367 0.0194 0.0062 0.1256 -0.246 0.0137
-0.686 0.5878 0.0985 -0.186 -0.125 0.0073 0.0572 0.2170 -0.263 0.0539
-0.629 0.4744 -0.143 0.3212 0.4469 -0.170 0.0115 -0.154 -0.007 0.0457
-0.645 -0.213 0.0767 0.4613 -0.306 0.0667 -0.161 -0.375 0.0478 -0.228
-0.690 0.6447 0.1273 -0.269 -0.056 -0.029 0.0877 0.0739 -0.029 -0.027
-0.646 -0.317 0.1909 0.0280 0.0104 0.0748 -0.210 -0.117 -0.046 -0.614
-0.643 0.6745 -0.024 -0.303 -0.027 -0.025 0.0477 0.0163 -0.055 0.1751
-0.795 -0.481 0.2555 0.0551 0.0946 0.1797 -0.127 0.0026 -0.067 0.0730
-0.673 -0.603 0.0036 -0.179 0.0740 -0.264 0.1187 0.0370 0.0073 -0.243
-0.693 0.5345 -0.023 0.0581 -0.150 0.0067 -0.011 0.1598 -0.422 0.0535
-0.708 0.5888 -0.082 0.1198 0.2752 -0.162 -0.052 -0.092 -0.027 0.1261
-0.758 0.4481 -0.067 0.2195 0.3393 -0.118 0.0459 0.0277 0.1699 0.1031
-0.769 0.4139 0.1752 -0.134 0.1620 0.1020 -0.012 -0.034 0.3805 0.0745
-0.713 0.5675 0.1702 -0.346 -0.110 0.0301 0.0385 0.0138 0.0712 -0.017
-0.774 0.5123 -0.001 0.0004 -0.286 -0.022 0.0860 0.1945 -0.095 0.0058
-0.656 -0.064 -0.462 0.3345 -0.130 -0.221 -0.169 0.1028 -0.361 -0.043
-0.736 0.5727 -0.093 -0.070 0.2922 -0.078 -0.037 -0.142 0.0392 -0.014
-0.719 0.6077 0.0517 -0.262 -0.066 0.0477 0.0819 0.0993 0.0106 0.1326
-0.799 0.3667 0.0975 0.0174 0.3848 -0.124 0.0315 -0.188 0.0593 0.1116
-0.836 -0.356 -0.048 -0.000 0.0156 -0.086 0.2263 0.1800 -0.244 -0.137
-0.819 0.1745 0.2547 -0.066 0.3043 0.0288 -0.035 -0.161 0.2053 0.2577
-0.512 -0.333 -0.616 -0.228 -0.079 -0.062 -0.402 0.1141 0.0664 0.0641
-0.581 -0.402 -0.527 -0.290 0.0658 0.1302 0.1649 -0.133 -0.227 0.1376
-0.692 0.6526 0.1161 -0.219 -0.119 0.0103 0.0198 0.0320 0.0772 -0.104
-0.493 -0.345 -0.557 -0.306 -0.038 -0.011 -0.424 0.1379 0.1338 0.1193
-0.788 0.1656 0.3380 -0.148 -0.318 0.0974 0.1301 0.2422 0.1447 0.0866
-0.834 0.3110 0.0668 -0.022 0.1838 -0.099 0.2254 0.2463 0.1988 -0.079
-0.835 0.2480 0.1727 -0.033 0.2154 -0.076 0.1199 -0.019 0.3315 0.1780
-0.422 -0.243 -0.676 -0.171 0.0092 0.4972 -0.096 0.0024 0.1118 0.0803
-0.698 0.5871 -0.061 0.0442 0.2001 -0.055 -0.007 -0.015 -0.244 0.2412
-0.696 -0.473 -0.076 -0.041 -0.072 -0.273 0.0710 0.0081 0.0354 -0.443
-0.599 -0.253 -0.633 -0.079 -0.105 -0.346 -0.142 0.0644 -0.116 0.0124
0.0 0.0 0.0 0.0 0.0 0.0 0.0 0.0 0.0 0.0
0.0 0.0 0.0 0.0 0.0 0.0 0.0 0.0 0.0 0.0
0.0 0.0 0.0 0.0 0.0 0.0 0.0 0.0 0.0 0.0
0.0 0.0 0.0 0.0 0.0 0.0 0.0 0.0 0.0 0.0
0.0 0.0 0.0 0.0 0.0 0.0 0.0 0.0 0.0 0.0
0.0 0.0 0.0 0.0 0.0 0.0 0.0 0.0 0.0 0.0
0.0 0.0 0.0 0.0 0.0 0.0 0.0 0.0 0.0 0.0
-0.766 -0.014 -0.128 0.4652 0.0856 -0.099 0.0818 0.2595 -0.150 -0.255
0.0 0.0 0.0 0.0 0.0 0.0 0.0 0.0 0.0 0.0
