1 10 1 1985180239 1997451322 2007458810 1989324367 1992080330 2005095753 1995044692 2007305863 2009N52639 2001363485
2 10 1 1985180239 1997451322 2007458810 1989324367 1992080330 2005095753 1995044692 2007305863 2009N52639 2001363485
3 10 1 1985180239 1998600333 2009P20639 2005437244 1989324367 1992080330 1995044692 1997254522 2007560905 2000080899
4 10 1 1985180239 1998600333 2009P20639 2005437244 1989324367 1992080330 1995044692 1997254522 2007560905 2000080899
5 10 1 1985180239 1998600333 2009P20639 2005437244 1989324367 1992080330 1995044692 1997254522 2007560905 2000080899
6 10 1 1985180239 1998600333 2009P20639 2005437244 1989324367 1992080330 1995044692 1997254522 2007560905 2000080899
7 10 1 1985180239 1998600333 2009P20639 2005437244 1989324367 1992080330 1995044692 1997254522 2007560905 2000080899
8 10 1 1985180239 1998600333 2009P20639 2005437244 1989324367 1992080330 1995044692 1997254522 2007560905 2000080899
9 10 1 1985180239 1998600333 2009P20639 2005437244 1989324367 1992080330 1995044692 1997254522 2007560905 2000080899
10 10 1 1985180239 1998600333 2009P20639 2005437244 1989324367 1992080330 1995044692 1997254522 2007560905 2000080899
11 12 1 2001063777 1996063282 2006065073 2006760998 2003853323 2001275127 1998399431 2008G34124 2001318971 2001318964 1993095607 197601634X
12 12 1 2001063777 1996063282 2006065073 2006760998 2003853323 2001275127 1998399431 2008G34124 2001318971 2001318964 1993095607 197601634X
13 12 1 2001063777 1996063282 2006065073 2006760998 2003853323 2001275127 1998399431 2008G34124 2001318971 2001318964 1993095607 197601634X
14 12 1 2001063777 1996063282 2006065073 2006760998 2003853323 2001275127 1998399431 2008G34124 2001318971 2001318964 1993095607 197601634X
15 9 1 1998600333 2000247993 1992080330 1995044692 1997254522 2005495929 1982A3601J 2000372173 2004238335
16 10 1 1985180239 1999193225 1999193226 1989324367 1992080330 1995044692 1997254522 2005495929 2000372173 2004238335
17 10 1 1985180239 1999193225 1999193226 1989324367 1992080330 1995044692 1997254522 2005495929 2000372173 2004238335
18 10 1 1985180239 1999193225 1999193226 1989324367 1992080330 1995044692 1997254522 2005495929 2000372173 2004238335
19 10 1 1985180239 1999193225 1999193226 1989324367 1992080330 1995044692 1997254522 2005495929 2000372173 2004238335
